# Python obtained correction file for 260413_Flame1_lamp-LS-1-CAL_OrangeFiber+425nm+polarizer_s-pol.txt, contains the irradiance calibration
# LS-1-CAL, LPVISE100, FELH425 nm
# Wavelength(nm)	Corr.Factor
192.3457	0.000000e+00
192.8152	0.000000e+00
193.2845	0.000000e+00
193.7539	0.000000e+00
194.2231	0.000000e+00
194.6924	0.000000e+00
195.1616	0.000000e+00
195.6307	0.000000e+00
196.0998	0.000000e+00
196.5688	0.000000e+00
197.0378	0.000000e+00
197.5068	0.000000e+00
197.9757	0.000000e+00
198.4445	0.000000e+00
198.9133	0.000000e+00
199.3821	0.000000e+00
199.8508	0.000000e+00
200.3194	0.000000e+00
200.7881	0.000000e+00
201.2566	0.000000e+00
201.7251	0.000000e+00
202.1936	0.000000e+00
202.6620	0.000000e+00
203.1304	0.000000e+00
203.5987	0.000000e+00
204.0670	0.000000e+00
204.5352	0.000000e+00
205.0033	0.000000e+00
205.4715	0.000000e+00
205.9395	0.000000e+00
206.4076	0.000000e+00
206.8756	0.000000e+00
207.3435	0.000000e+00
207.8114	0.000000e+00
208.2792	0.000000e+00
208.7470	0.000000e+00
209.2147	0.000000e+00
209.6824	0.000000e+00
210.1500	0.000000e+00
210.6176	0.000000e+00
211.0852	0.000000e+00
211.5527	0.000000e+00
212.0201	0.000000e+00
212.4875	0.000000e+00
212.9549	0.000000e+00
213.4222	0.000000e+00
213.8894	0.000000e+00
214.3566	0.000000e+00
214.8238	0.000000e+00
215.2909	0.000000e+00
215.7579	0.000000e+00
216.2249	0.000000e+00
216.6919	0.000000e+00
217.1588	0.000000e+00
217.6257	0.000000e+00
218.0925	0.000000e+00
218.5592	0.000000e+00
219.0260	0.000000e+00
219.4926	0.000000e+00
219.9592	0.000000e+00
220.4258	0.000000e+00
220.8923	0.000000e+00
221.3588	0.000000e+00
221.8252	0.000000e+00
222.2916	0.000000e+00
222.7579	0.000000e+00
223.2242	0.000000e+00
223.6904	0.000000e+00
224.1566	0.000000e+00
224.6227	0.000000e+00
225.0888	0.000000e+00
225.5548	0.000000e+00
226.0208	0.000000e+00
226.4868	0.000000e+00
226.9526	0.000000e+00
227.4185	0.000000e+00
227.8843	0.000000e+00
228.3500	0.000000e+00
228.8157	0.000000e+00
229.2813	0.000000e+00
229.7469	0.000000e+00
230.2125	0.000000e+00
230.6780	0.000000e+00
231.1434	0.000000e+00
231.6088	0.000000e+00
232.0742	0.000000e+00
232.5395	0.000000e+00
233.0047	0.000000e+00
233.4699	0.000000e+00
233.9351	0.000000e+00
234.4002	0.000000e+00
234.8652	0.000000e+00
235.3302	0.000000e+00
235.7952	0.000000e+00
236.2601	0.000000e+00
236.7249	0.000000e+00
237.1897	0.000000e+00
237.6545	0.000000e+00
238.1192	0.000000e+00
238.5839	0.000000e+00
239.0485	0.000000e+00
239.5130	0.000000e+00
239.9776	0.000000e+00
240.4420	0.000000e+00
240.9064	0.000000e+00
241.3708	0.000000e+00
241.8351	0.000000e+00
242.2994	0.000000e+00
242.7636	0.000000e+00
243.2278	0.000000e+00
243.6919	0.000000e+00
244.1560	0.000000e+00
244.6200	0.000000e+00
245.0839	0.000000e+00
245.5479	0.000000e+00
246.0117	0.000000e+00
246.4756	0.000000e+00
246.9393	0.000000e+00
247.4031	0.000000e+00
247.8667	0.000000e+00
248.3304	0.000000e+00
248.7939	0.000000e+00
249.2575	0.000000e+00
249.7209	0.000000e+00
250.1844	0.000000e+00
250.6478	0.000000e+00
251.1111	0.000000e+00
251.5744	0.000000e+00
252.0376	0.000000e+00
252.5008	0.000000e+00
252.9639	0.000000e+00
253.4270	0.000000e+00
253.8900	0.000000e+00
254.3530	0.000000e+00
254.8160	0.000000e+00
255.2788	0.000000e+00
255.7417	0.000000e+00
256.2045	0.000000e+00
256.6672	0.000000e+00
257.1299	0.000000e+00
257.5925	0.000000e+00
258.0551	0.000000e+00
258.5176	0.000000e+00
258.9801	0.000000e+00
259.4426	0.000000e+00
259.9050	0.000000e+00
260.3673	0.000000e+00
260.8296	0.000000e+00
261.2918	0.000000e+00
261.7540	0.000000e+00
262.2162	0.000000e+00
262.6783	0.000000e+00
263.1403	0.000000e+00
263.6023	0.000000e+00
264.0642	0.000000e+00
264.5261	0.000000e+00
264.9880	0.000000e+00
265.4498	0.000000e+00
265.9115	0.000000e+00
266.3732	0.000000e+00
266.8349	0.000000e+00
267.2965	0.000000e+00
267.7580	0.000000e+00
268.2195	0.000000e+00
268.6809	0.000000e+00
269.1423	0.000000e+00
269.6037	0.000000e+00
270.0650	0.000000e+00
270.5262	0.000000e+00
270.9874	0.000000e+00
271.4486	0.000000e+00
271.9097	0.000000e+00
272.3707	0.000000e+00
272.8317	0.000000e+00
273.2927	0.000000e+00
273.7536	0.000000e+00
274.2144	0.000000e+00
274.6752	0.000000e+00
275.1360	0.000000e+00
275.5967	0.000000e+00
276.0573	0.000000e+00
276.5179	0.000000e+00
276.9785	0.000000e+00
277.4390	0.000000e+00
277.8994	0.000000e+00
278.3598	0.000000e+00
278.8202	0.000000e+00
279.2805	0.000000e+00
279.7407	0.000000e+00
280.2009	0.000000e+00
280.6611	0.000000e+00
281.1212	0.000000e+00
281.5812	0.000000e+00
282.0412	0.000000e+00
282.5011	0.000000e+00
282.9610	0.000000e+00
283.4209	0.000000e+00
283.8807	0.000000e+00
284.3404	0.000000e+00
284.8001	0.000000e+00
285.2598	0.000000e+00
285.7194	0.000000e+00
286.1789	0.000000e+00
286.6384	0.000000e+00
287.0979	0.000000e+00
287.5573	0.000000e+00
288.0166	0.000000e+00
288.4759	0.000000e+00
288.9352	0.000000e+00
289.3944	0.000000e+00
289.8535	0.000000e+00
290.3126	0.000000e+00
290.7717	0.000000e+00
291.2307	0.000000e+00
291.6896	0.000000e+00
292.1485	0.000000e+00
292.6074	0.000000e+00
293.0661	0.000000e+00
293.5249	0.000000e+00
293.9836	0.000000e+00
294.4422	0.000000e+00
294.9008	0.000000e+00
295.3594	0.000000e+00
295.8179	0.000000e+00
296.2763	0.000000e+00
296.7347	0.000000e+00
297.1930	0.000000e+00
297.6513	0.000000e+00
298.1096	0.000000e+00
298.5678	0.000000e+00
299.0259	0.000000e+00
299.4840	0.000000e+00
299.9420	0.000000e+00
300.4000	0.000000e+00
300.8580	0.000000e+00
301.3159	0.000000e+00
301.7737	0.000000e+00
302.2315	0.000000e+00
302.6892	0.000000e+00
303.1469	0.000000e+00
303.6045	0.000000e+00
304.0621	0.000000e+00
304.5197	0.000000e+00
304.9772	0.000000e+00
305.4346	0.000000e+00
305.8920	0.000000e+00
306.3493	0.000000e+00
306.8066	0.000000e+00
307.2638	0.000000e+00
307.7210	0.000000e+00
308.1781	0.000000e+00
308.6352	0.000000e+00
309.0922	0.000000e+00
309.5492	0.000000e+00
310.0062	0.000000e+00
310.4630	0.000000e+00
310.9199	0.000000e+00
311.3766	0.000000e+00
311.8334	0.000000e+00
312.2900	0.000000e+00
312.7467	0.000000e+00
313.2032	0.000000e+00
313.6598	0.000000e+00
314.1162	0.000000e+00
314.5727	0.000000e+00
315.0290	0.000000e+00
315.4853	0.000000e+00
315.9416	0.000000e+00
316.3978	0.000000e+00
316.8540	0.000000e+00
317.3101	0.000000e+00
317.7662	0.000000e+00
318.2222	0.000000e+00
318.6782	0.000000e+00
319.1341	0.000000e+00
319.5899	0.000000e+00
320.0458	0.000000e+00
320.5015	0.000000e+00
320.9572	0.000000e+00
321.4129	0.000000e+00
321.8685	0.000000e+00
322.3241	0.000000e+00
322.7796	0.000000e+00
323.2350	0.000000e+00
323.6904	0.000000e+00
324.1458	0.000000e+00
324.6011	0.000000e+00
325.0563	0.000000e+00
325.5115	0.000000e+00
325.9667	0.000000e+00
326.4218	0.000000e+00
326.8768	0.000000e+00
327.3318	0.000000e+00
327.7868	0.000000e+00
328.2417	0.000000e+00
328.6965	0.000000e+00
329.1513	0.000000e+00
329.6061	0.000000e+00
330.0608	0.000000e+00
330.5154	0.000000e+00
330.9700	0.000000e+00
331.4245	0.000000e+00
331.8790	0.000000e+00
332.3335	0.000000e+00
332.7878	0.000000e+00
333.2422	0.000000e+00
333.6965	0.000000e+00
334.1507	0.000000e+00
334.6049	0.000000e+00
335.0590	0.000000e+00
335.5131	0.000000e+00
335.9671	0.000000e+00
336.4211	0.000000e+00
336.8750	0.000000e+00
337.3289	0.000000e+00
337.7827	0.000000e+00
338.2365	0.000000e+00
338.6902	0.000000e+00
339.1439	0.000000e+00
339.5975	0.000000e+00
340.0510	0.000000e+00
340.5046	0.000000e+00
340.9580	0.000000e+00
341.4114	0.000000e+00
341.8648	0.000000e+00
342.3181	0.000000e+00
342.7714	0.000000e+00
343.2246	0.000000e+00
343.6777	0.000000e+00
344.1308	0.000000e+00
344.5839	0.000000e+00
345.0369	0.000000e+00
345.4898	0.000000e+00
345.9427	0.000000e+00
346.3956	0.000000e+00
346.8484	0.000000e+00
347.3011	0.000000e+00
347.7538	0.000000e+00
348.2065	0.000000e+00
348.6590	0.000000e+00
349.1116	0.000000e+00
349.5641	0.000000e+00
350.0165	0.000000e+00
350.4689	0.000000e+00
350.9212	0.000000e+00
351.3735	0.000000e+00
351.8257	0.000000e+00
352.2779	0.000000e+00
352.7300	0.000000e+00
353.1821	0.000000e+00
353.6341	0.000000e+00
354.0861	0.000000e+00
354.5380	0.000000e+00
354.9899	0.000000e+00
355.4417	0.000000e+00
355.8935	0.000000e+00
356.3452	0.000000e+00
356.7969	0.000000e+00
357.2485	0.000000e+00
357.7000	0.000000e+00
358.1515	0.000000e+00
358.6030	0.000000e+00
359.0544	0.000000e+00
359.5058	0.000000e+00
359.9571	0.000000e+00
360.4083	0.000000e+00
360.8595	0.000000e+00
361.3107	0.000000e+00
361.7617	0.000000e+00
362.2128	0.000000e+00
362.6638	0.000000e+00
363.1147	0.000000e+00
363.5656	0.000000e+00
364.0164	0.000000e+00
364.4672	0.000000e+00
364.9180	0.000000e+00
365.3686	0.000000e+00
365.8193	0.000000e+00
366.2698	0.000000e+00
366.7204	0.000000e+00
367.1708	0.000000e+00
367.6213	0.000000e+00
368.0716	0.000000e+00
368.5219	0.000000e+00
368.9722	0.000000e+00
369.4224	0.000000e+00
369.8726	0.000000e+00
370.3227	0.000000e+00
370.7728	0.000000e+00
371.2228	0.000000e+00
371.6727	0.000000e+00
372.1226	0.000000e+00
372.5725	0.000000e+00
373.0223	0.000000e+00
373.4720	0.000000e+00
373.9217	0.000000e+00
374.3713	0.000000e+00
374.8209	0.000000e+00
375.2705	0.000000e+00
375.7200	0.000000e+00
376.1694	0.000000e+00
376.6188	0.000000e+00
377.0681	0.000000e+00
377.5174	0.000000e+00
377.9666	0.000000e+00
378.4158	0.000000e+00
378.8649	0.000000e+00
379.3140	0.000000e+00
379.7630	0.000000e+00
380.2120	0.000000e+00
380.6609	0.000000e+00
381.1097	0.000000e+00
381.5585	0.000000e+00
382.0073	0.000000e+00
382.4560	0.000000e+00
382.9047	0.000000e+00
383.3533	0.000000e+00
383.8018	0.000000e+00
384.2503	0.000000e+00
384.6987	0.000000e+00
385.1471	0.000000e+00
385.5955	0.000000e+00
386.0438	0.000000e+00
386.4920	0.000000e+00
386.9402	0.000000e+00
387.3883	0.000000e+00
387.8364	0.000000e+00
388.2844	0.000000e+00
388.7324	0.000000e+00
389.1803	0.000000e+00
389.6282	0.000000e+00
390.0760	0.000000e+00
390.5237	0.000000e+00
390.9715	0.000000e+00
391.4191	0.000000e+00
391.8667	0.000000e+00
392.3143	0.000000e+00
392.7618	0.000000e+00
393.2092	0.000000e+00
393.6566	0.000000e+00
394.1040	0.000000e+00
394.5513	0.000000e+00
394.9985	0.000000e+00
395.4457	0.000000e+00
395.8928	0.000000e+00
396.3399	0.000000e+00
396.7869	0.000000e+00
397.2339	0.000000e+00
397.6808	0.000000e+00
398.1277	0.000000e+00
398.5745	0.000000e+00
399.0213	0.000000e+00
399.4680	0.000000e+00
399.9147	0.000000e+00
400.3613	0.000000e+00
400.8078	0.000000e+00
401.2543	0.000000e+00
401.7008	0.000000e+00
402.1472	0.000000e+00
402.5935	0.000000e+00
403.0398	0.000000e+00
403.4861	0.000000e+00
403.9323	0.000000e+00
404.3784	0.000000e+00
404.8245	0.000000e+00
405.2705	0.000000e+00
405.7165	0.000000e+00
406.1624	0.000000e+00
406.6083	0.000000e+00
407.0541	0.000000e+00
407.4999	0.000000e+00
407.9456	0.000000e+00
408.3913	0.000000e+00
408.8369	0.000000e+00
409.2824	0.000000e+00
409.7279	0.000000e+00
410.1734	0.000000e+00
410.6188	0.000000e+00
411.0641	0.000000e+00
411.5094	0.000000e+00
411.9546	0.000000e+00
412.3998	0.000000e+00
412.8450	0.000000e+00
413.2900	0.000000e+00
413.7351	0.000000e+00
414.1800	0.000000e+00
414.6250	0.000000e+00
415.0698	0.000000e+00
415.5147	0.000000e+00
415.9594	0.000000e+00
416.4041	0.000000e+00
416.8488	0.000000e+00
417.2934	0.000000e+00
417.7379	0.000000e+00
418.1824	0.000000e+00
418.6269	0.000000e+00
419.0713	0.000000e+00
419.5156	0.000000e+00
419.9599	0.000000e+00
420.4041	0.000000e+00
420.8483	0.000000e+00
421.2925	0.000000e+00
421.7365	0.000000e+00
422.1806	0.000000e+00
422.6245	0.000000e+00
423.0684	0.000000e+00
423.5123	0.000000e+00
423.9561	0.000000e+00
424.3999	0.000000e+00
424.8436	0.000000e+00
425.2872	2.932283e-01
425.7308	2.792974e-01
426.1744	2.683189e-01
426.6179	2.603439e-01
427.0613	2.542952e-01
427.5047	2.499513e-01
427.9480	2.468906e-01
428.3913	2.447913e-01
428.8345	2.434519e-01
429.2777	2.426777e-01
429.7208	2.419595e-01
430.1639	2.407908e-01
430.6069	2.395219e-01
431.0498	2.382641e-01
431.4928	2.368045e-01
431.9356	2.356685e-01
432.3784	2.343119e-01
432.8212	2.329181e-01
433.2638	2.315180e-01
433.7065	2.303266e-01
434.1491	2.293855e-01
434.5916	2.283918e-01
435.0341	2.272119e-01
435.4765	2.262556e-01
435.9189	2.252399e-01
436.3612	2.244118e-01
436.8035	2.237573e-01
437.2457	2.233510e-01
437.6878	2.228182e-01
438.1300	2.225139e-01
438.5720	2.221057e-01
439.0140	2.215134e-01
439.4560	2.210231e-01
439.8978	2.205789e-01
440.3397	2.205434e-01
440.7815	2.203801e-01
441.2232	2.198063e-01
441.6649	2.197827e-01
442.1065	2.197990e-01
442.5481	2.199669e-01
442.9896	2.200427e-01
443.4311	2.201893e-01
443.8725	2.204902e-01
444.3138	2.212274e-01
444.7551	2.213794e-01
445.1964	2.215198e-01
445.6376	2.219266e-01
446.0787	2.221537e-01
446.5198	2.216563e-01
446.9609	2.214905e-01
447.4018	2.211859e-01
447.8428	2.209216e-01
448.2837	2.205808e-01
448.7245	2.200843e-01
449.1652	2.195270e-01
449.6060	2.187539e-01
450.0466	2.180835e-01
450.4872	2.169510e-01
450.9278	2.159735e-01
451.3683	2.152393e-01
451.8087	2.143936e-01
452.2491	2.132359e-01
452.6895	2.117368e-01
453.1297	2.106851e-01
453.5700	2.091438e-01
454.0102	2.077257e-01
454.4503	2.061754e-01
454.8904	2.042796e-01
455.3304	2.026569e-01
455.7703	2.012284e-01
456.2102	1.994189e-01
456.6501	1.976481e-01
457.0899	1.962838e-01
457.5296	1.946110e-01
457.9693	1.929068e-01
458.4090	1.914256e-01
458.8486	1.900544e-01
459.2881	1.887605e-01
459.7276	1.875798e-01
460.1670	1.861353e-01
460.6064	1.847094e-01
461.0457	1.836108e-01
461.4850	1.824176e-01
461.9242	1.812340e-01
462.3633	1.801123e-01
462.8024	1.792008e-01
463.2415	1.782329e-01
463.6805	1.771789e-01
464.1194	1.762472e-01
464.5583	1.751698e-01
464.9971	1.742396e-01
465.4359	1.734135e-01
465.8746	1.726123e-01
466.3133	1.716227e-01
466.7519	1.706655e-01
467.1905	1.695908e-01
467.6290	1.684060e-01
468.0674	1.674449e-01
468.5058	1.665367e-01
468.9442	1.655505e-01
469.3825	1.643504e-01
469.8207	1.631034e-01
470.2589	1.618275e-01
470.6970	1.605626e-01
471.1351	1.591255e-01
471.5731	1.574623e-01
472.0111	1.559705e-01
472.4490	1.545525e-01
472.8869	1.529472e-01
473.3247	1.512907e-01
473.7624	1.496488e-01
474.2001	1.479145e-01
474.6378	1.461348e-01
475.0753	1.443270e-01
475.5129	1.425746e-01
475.9504	1.408766e-01
476.3878	1.392985e-01
476.8252	1.376397e-01
477.2625	1.359686e-01
477.6997	1.342814e-01
478.1369	1.326364e-01
478.5741	1.309730e-01
479.0112	1.294458e-01
479.4482	1.279550e-01
479.8852	1.264641e-01
480.3222	1.249918e-01
480.7591	1.236271e-01
481.1959	1.223504e-01
481.6327	1.210738e-01
482.0694	1.198568e-01
482.5060	1.187129e-01
482.9426	1.176916e-01
483.3792	1.167589e-01
483.8157	1.158576e-01
484.2522	1.149103e-01
484.6885	1.139833e-01
485.1249	1.131635e-01
485.5612	1.123187e-01
485.9974	1.115416e-01
486.4336	1.107924e-01
486.8697	1.100867e-01
487.3058	1.093473e-01
487.7418	1.086562e-01
488.1777	1.079279e-01
488.6136	1.072499e-01
489.0495	1.066697e-01
489.4853	1.060901e-01
489.9210	1.055243e-01
490.3567	1.049589e-01
490.7923	1.044475e-01
491.2279	1.039601e-01
491.6634	1.035370e-01
492.0989	1.031489e-01
492.5343	1.026927e-01
492.9697	1.023038e-01
493.4050	1.019804e-01
493.8402	1.016857e-01
494.2754	1.014050e-01
494.7106	1.011414e-01
495.1456	1.009014e-01
495.5807	1.006362e-01
496.0156	1.004269e-01
496.4506	1.002471e-01
496.8854	1.000660e-01
497.3202	9.982731e-02
497.7550	9.970052e-02
498.1897	9.955208e-02
498.6243	9.937577e-02
499.0589	9.923493e-02
499.4935	9.911992e-02
499.9280	9.903470e-02
500.3624	9.901324e-02
500.7968	9.896638e-02
501.2311	9.892021e-02
501.6653	9.888018e-02
502.0996	9.884166e-02
502.5337	9.880065e-02
502.9678	9.873390e-02
503.4019	9.868622e-02
503.8358	9.859633e-02
504.2698	9.849373e-02
504.7037	9.832888e-02
505.1375	9.817970e-02
505.5713	9.807095e-02
506.0050	9.796564e-02
506.4386	9.790932e-02
506.8722	9.785712e-02
507.3058	9.776774e-02
507.7393	9.773728e-02
508.1727	9.773301e-02
508.6061	9.774660e-02
509.0394	9.773484e-02
509.4727	9.771165e-02
509.9059	9.767806e-02
510.3391	9.765263e-02
510.7722	9.766713e-02
511.2053	9.766666e-02
511.6383	9.762898e-02
512.0712	9.757802e-02
512.5041	9.750349e-02
512.9369	9.751309e-02
513.3697	9.745727e-02
513.8024	9.736316e-02
514.2351	9.730745e-02
514.6677	9.724471e-02
515.1003	9.715090e-02
515.5328	9.704661e-02
515.9653	9.693709e-02
516.3976	9.689623e-02
516.8300	9.688812e-02
517.2623	9.685482e-02
517.6945	9.677706e-02
518.1267	9.669326e-02
518.5588	9.655880e-02
518.9909	9.646435e-02
519.4229	9.645260e-02
519.8548	9.648462e-02
520.2867	9.654668e-02
520.7186	9.660860e-02
521.1504	9.667166e-02
521.5821	9.676840e-02
522.0138	9.680930e-02
522.4454	9.684620e-02
522.8770	9.689945e-02
523.3085	9.694276e-02
523.7399	9.699374e-02
524.1713	9.700633e-02
524.6027	9.702390e-02
525.0340	9.707086e-02
525.4652	9.716478e-02
525.8964	9.721052e-02
526.3275	9.724447e-02
526.7586	9.724329e-02
527.1896	9.727441e-02
527.6206	9.734038e-02
528.0515	9.745524e-02
528.4823	9.754577e-02
528.9131	9.765822e-02
529.3438	9.778200e-02
529.7745	9.788952e-02
530.2051	9.798581e-02
530.6357	9.806899e-02
531.0662	9.829562e-02
531.4967	9.850792e-02
531.9271	9.869205e-02
532.3574	9.881084e-02
532.7877	9.894756e-02
533.2180	9.908436e-02
533.6482	9.919897e-02
534.0783	9.939092e-02
534.5084	9.961545e-02
534.9384	9.988171e-02
535.3683	1.000344e-01
535.7982	1.002293e-01
536.2281	1.004335e-01
536.6579	1.006283e-01
537.0876	1.007555e-01
537.5173	1.009602e-01
537.9469	1.011925e-01
538.3765	1.013643e-01
538.8060	1.015656e-01
539.2355	1.017555e-01
539.6649	1.020045e-01
540.0942	1.022315e-01
540.5235	1.024454e-01
540.9528	1.026516e-01
541.3819	1.028541e-01
541.8111	1.030270e-01
542.2401	1.032362e-01
542.6692	1.034703e-01
543.0981	1.036503e-01
543.5270	1.038296e-01
543.9559	1.040127e-01
544.3847	1.041947e-01
544.8134	1.043662e-01
545.2421	1.044841e-01
545.6707	1.045870e-01
546.0993	1.047321e-01
546.5278	1.048308e-01
546.9562	1.048849e-01
547.3846	1.049125e-01
547.8130	1.049250e-01
548.2413	1.049835e-01
548.6695	1.050528e-01
549.0977	1.051149e-01
549.5258	1.051444e-01
549.9539	1.051896e-01
550.3819	1.052351e-01
550.8099	1.053621e-01
551.2378	1.053803e-01
551.6656	1.054081e-01
552.0934	1.055348e-01
552.5211	1.057046e-01
552.9488	1.058899e-01
553.3764	1.060098e-01
553.8040	1.060986e-01
554.2315	1.062259e-01
554.6589	1.063882e-01
555.0863	1.065922e-01
555.5137	1.067337e-01
555.9410	1.068538e-01
556.3682	1.069443e-01
556.7953	1.070460e-01
557.2225	1.071819e-01
557.6495	1.073333e-01
558.0765	1.074302e-01
558.5035	1.075577e-01
558.9304	1.076709e-01
559.3572	1.077924e-01
559.7840	1.078362e-01
560.2107	1.079219e-01
560.6374	1.079877e-01
561.0640	1.080506e-01
561.4905	1.080914e-01
561.9170	1.080423e-01
562.3435	1.079551e-01
562.7699	1.078558e-01
563.1962	1.077659e-01
563.6225	1.077120e-01
564.0487	1.076021e-01
564.4748	1.074631e-01
564.9010	1.072684e-01
565.3270	1.071119e-01
565.7530	1.069781e-01
566.1789	1.068483e-01
566.6048	1.067195e-01
567.0306	1.066228e-01
567.4564	1.065808e-01
567.8821	1.065152e-01
568.3078	1.064608e-01
568.7334	1.065327e-01
569.1589	1.065967e-01
569.5844	1.067466e-01
570.0098	1.069082e-01
570.4352	1.070561e-01
570.8605	1.072655e-01
571.2858	1.075429e-01
571.7110	1.077801e-01
572.1361	1.081589e-01
572.5612	1.085733e-01
572.9863	1.089394e-01
573.4112	1.092965e-01
573.8362	1.096937e-01
574.2610	1.101517e-01
574.6858	1.106376e-01
575.1106	1.111343e-01
575.5353	1.115863e-01
575.9599	1.120773e-01
576.3845	1.124934e-01
576.8090	1.129207e-01
577.2335	1.134067e-01
577.6579	1.138404e-01
578.0823	1.143367e-01
578.5066	1.148489e-01
578.9308	1.153614e-01
579.3550	1.158803e-01
579.7791	1.163606e-01
580.2032	1.168058e-01
580.6272	1.173632e-01
581.0512	1.178476e-01
581.4751	1.183487e-01
581.8990	1.188490e-01
582.3228	1.193605e-01
582.7465	1.198352e-01
583.1702	1.203374e-01
583.5938	1.208831e-01
584.0174	1.213880e-01
584.4409	1.218882e-01
584.8643	1.223202e-01
585.2877	1.227374e-01
585.7111	1.232016e-01
586.1343	1.236709e-01
586.5576	1.241019e-01
586.9807	1.245222e-01
587.4038	1.249427e-01
587.8269	1.253446e-01
588.2499	1.257631e-01
588.6728	1.261903e-01
589.0957	1.266360e-01
589.5186	1.270773e-01
589.9413	1.275424e-01
590.3640	1.279474e-01
590.7867	1.283246e-01
591.2093	1.286381e-01
591.6318	1.290355e-01
592.0543	1.294669e-01
592.4768	1.297479e-01
592.8991	1.300003e-01
593.3215	1.302129e-01
593.7437	1.304064e-01
594.1659	1.306507e-01
594.5881	1.308624e-01
595.0102	1.309649e-01
595.4322	1.310428e-01
595.8542	1.310642e-01
596.2761	1.310435e-01
596.6979	1.309844e-01
597.1198	1.308504e-01
597.5415	1.306284e-01
597.9632	1.304440e-01
598.3848	1.302008e-01
598.8064	1.299033e-01
599.2279	1.295364e-01
599.6494	1.291489e-01
600.0708	1.287408e-01
600.4921	1.283343e-01
600.9134	1.279074e-01
601.3347	1.275237e-01
601.7558	1.271345e-01
602.1770	1.268247e-01
602.5980	1.265911e-01
603.0190	1.264323e-01
603.4400	1.262607e-01
603.8609	1.262310e-01
604.2817	1.262466e-01
604.7025	1.263134e-01
605.1232	1.264447e-01
605.5439	1.266049e-01
605.9645	1.268080e-01
606.3850	1.271320e-01
606.8055	1.274225e-01
607.2260	1.278092e-01
607.6463	1.283319e-01
608.0667	1.288814e-01
608.4869	1.294716e-01
608.9071	1.301307e-01
609.3273	1.308377e-01
609.7474	1.315596e-01
610.1674	1.322834e-01
610.5874	1.329895e-01
611.0073	1.337717e-01
611.4272	1.345770e-01
611.8470	1.353383e-01
612.2667	1.360982e-01
612.6864	1.368829e-01
613.1061	1.376649e-01
613.5256	1.385045e-01
613.9452	1.392083e-01
614.3646	1.399563e-01
614.7840	1.407435e-01
615.2034	1.414694e-01
615.6227	1.422195e-01
616.0419	1.429551e-01
616.4611	1.436835e-01
616.8802	1.444320e-01
617.2992	1.451769e-01
617.7183	1.458543e-01
618.1372	1.465305e-01
618.5561	1.472518e-01
618.9749	1.479500e-01
619.3937	1.485626e-01
619.8124	1.491777e-01
620.2311	1.498528e-01
620.6497	1.504989e-01
621.0682	1.511237e-01
621.4867	1.517501e-01
621.9051	1.524410e-01
622.3235	1.530488e-01
622.7418	1.538179e-01
623.1601	1.545172e-01
623.5783	1.551615e-01
623.9964	1.558611e-01
624.4145	1.564757e-01
624.8325	1.571546e-01
625.2505	1.577929e-01
625.6684	1.585031e-01
626.0862	1.591555e-01
626.5040	1.598634e-01
626.9218	1.605040e-01
627.3395	1.611495e-01
627.7571	1.618552e-01
628.1746	1.626351e-01
628.5921	1.633294e-01
629.0096	1.640277e-01
629.4270	1.646342e-01
629.8443	1.652672e-01
630.2616	1.659533e-01
630.6788	1.665253e-01
631.0960	1.672111e-01
631.5131	1.678260e-01
631.9301	1.684788e-01
632.3471	1.691650e-01
632.7640	1.697507e-01
633.1809	1.704358e-01
633.5977	1.710466e-01
634.0145	1.717141e-01
634.4312	1.723755e-01
634.8478	1.731645e-01
635.2644	1.738848e-01
635.6809	1.746483e-01
636.0974	1.754162e-01
636.5138	1.761205e-01
636.9302	1.767827e-01
637.3465	1.775799e-01
637.7627	1.783092e-01
638.1789	1.790939e-01
638.5950	1.798439e-01
639.0111	1.806042e-01
639.4271	1.813152e-01
639.8430	1.819741e-01
640.2589	1.827124e-01
640.6747	1.833693e-01
641.0905	1.840319e-01
641.5062	1.848271e-01
641.9219	1.855945e-01
642.3375	1.863767e-01
642.7530	1.871119e-01
643.1685	1.879264e-01
643.5839	1.887245e-01
643.9993	1.894743e-01
644.4146	1.902861e-01
644.8298	1.910058e-01
645.2450	1.917500e-01
645.6602	1.925153e-01
646.0752	1.932565e-01
646.4903	1.940534e-01
646.9052	1.947937e-01
647.3201	1.955920e-01
647.7350	1.962020e-01
648.1498	1.969095e-01
648.5645	1.976529e-01
648.9791	1.983287e-01
649.3938	1.990575e-01
649.8083	1.997287e-01
650.2228	2.003368e-01
650.6372	2.009820e-01
651.0516	2.016570e-01
651.4659	2.024446e-01
651.8802	2.031231e-01
652.2944	2.037302e-01
652.7086	2.045405e-01
653.1226	2.051410e-01
653.5367	2.057273e-01
653.9506	2.062226e-01
654.3646	2.068089e-01
654.7784	2.073535e-01
655.1922	2.080120e-01
655.6059	2.086055e-01
656.0196	2.091550e-01
656.4332	2.096653e-01
656.8468	2.102439e-01
657.2603	2.107773e-01
657.6738	2.113448e-01
658.0871	2.118261e-01
658.5005	2.124147e-01
658.9137	2.130434e-01
659.3270	2.137000e-01
659.7401	2.143351e-01
660.1532	2.148780e-01
660.5662	2.155578e-01
660.9792	2.163183e-01
661.3921	2.169656e-01
661.8050	2.176114e-01
662.2178	2.181970e-01
662.6306	2.188867e-01
663.0432	2.195984e-01
663.4559	2.203159e-01
663.8684	2.209075e-01
664.2810	2.214676e-01
664.6934	2.220168e-01
665.1058	2.227284e-01
665.5181	2.233749e-01
665.9304	2.241204e-01
666.3426	2.247888e-01
666.7548	2.255165e-01
667.1669	2.261491e-01
667.5789	2.267650e-01
667.9909	2.275015e-01
668.4028	2.282241e-01
668.8147	2.289721e-01
669.2265	2.297515e-01
669.6383	2.305591e-01
670.0500	2.313548e-01
670.4616	2.320204e-01
670.8732	2.326938e-01
671.2847	2.333944e-01
671.6961	2.342460e-01
672.1075	2.350618e-01
672.5189	2.358701e-01
672.9302	2.367623e-01
673.3414	2.376626e-01
673.7525	2.384829e-01
674.1637	2.394859e-01
674.5747	2.403359e-01
674.9857	2.411688e-01
675.3966	2.420283e-01
675.8075	2.429777e-01
676.2183	2.439065e-01
676.6290	2.448761e-01
677.0397	2.458222e-01
677.4504	2.467810e-01
677.8609	2.475998e-01
678.2715	2.484849e-01
678.6819	2.494034e-01
679.0923	2.504260e-01
679.5027	2.514124e-01
679.9129	2.524311e-01
680.3232	2.534705e-01
680.7333	2.544921e-01
681.1434	2.555737e-01
681.5535	2.565985e-01
681.9635	2.575887e-01
682.3734	2.586824e-01
682.7833	2.597666e-01
683.1931	2.608760e-01
683.6028	2.620348e-01
684.0125	2.631624e-01
684.4221	2.642644e-01
684.8317	2.654922e-01
685.2412	2.666652e-01
685.6507	2.678849e-01
686.0601	2.690073e-01
686.4694	2.703124e-01
686.8787	2.716112e-01
687.2879	2.726959e-01
687.6971	2.737321e-01
688.1062	2.747953e-01
688.5152	2.758531e-01
688.9242	2.767398e-01
689.3331	2.777328e-01
689.7420	2.786948e-01
690.1508	2.797218e-01
690.5596	2.807125e-01
690.9682	2.816395e-01
691.3769	2.826093e-01
691.7854	2.836111e-01
692.1940	2.844749e-01
692.6024	2.853670e-01
693.0108	2.863221e-01
693.4191	2.874941e-01
693.8274	2.885671e-01
694.2356	2.897843e-01
694.6438	2.909255e-01
695.0519	2.920300e-01
695.4599	2.929570e-01
695.8679	2.939003e-01
696.2758	2.948995e-01
696.6837	2.960064e-01
697.0915	2.970515e-01
697.4992	2.981837e-01
697.9069	2.994144e-01
698.3145	3.005254e-01
698.7221	3.016731e-01
699.1296	3.028343e-01
699.5370	3.039686e-01
699.9444	3.052048e-01
700.3517	3.063887e-01
700.7590	3.076492e-01
701.1662	3.088006e-01
701.5734	3.102019e-01
701.9804	3.113168e-01
702.3875	3.124972e-01
702.7944	3.137402e-01
703.2014	3.149849e-01
703.6082	3.162244e-01
704.0150	3.176457e-01
704.4217	3.192049e-01
704.8284	3.206208e-01
705.2350	3.219195e-01
705.6416	3.233658e-01
706.0481	3.247209e-01
706.4545	3.260580e-01
706.8609	3.274009e-01
707.2672	3.287307e-01
707.6734	3.300137e-01
708.0796	3.314186e-01
708.4858	3.328110e-01
708.8918	3.341723e-01
709.2979	3.356152e-01
709.7038	3.371037e-01
710.1097	3.384394e-01
710.5156	3.399362e-01
710.9213	3.415325e-01
711.3271	3.429798e-01
711.7327	3.445116e-01
712.1383	3.460744e-01
712.5439	3.476416e-01
712.9493	3.491386e-01
713.3548	3.505713e-01
713.7601	3.520129e-01
714.1654	3.535590e-01
714.5707	3.553020e-01
714.9758	3.569447e-01
715.3810	3.586088e-01
715.7860	3.601099e-01
716.1910	3.616947e-01
716.5960	3.632928e-01
717.0009	3.646841e-01
717.4057	3.662864e-01
717.8104	3.676776e-01
718.2152	3.691140e-01
718.6198	3.706652e-01
719.0244	3.720852e-01
719.4289	3.735480e-01
719.8334	3.749584e-01
720.2378	3.764513e-01
720.6421	3.778280e-01
721.0464	3.793234e-01
721.4506	3.805216e-01
721.8548	3.817871e-01
722.2589	3.832140e-01
722.6630	3.846175e-01
723.0669	3.859549e-01
723.4709	3.875241e-01
723.8747	3.890935e-01
724.2785	3.905948e-01
724.6823	3.920259e-01
725.0860	3.934307e-01
725.4896	3.949439e-01
725.8932	3.964544e-01
726.2967	3.980997e-01
726.7001	3.997793e-01
727.1035	4.013717e-01
727.5068	4.030384e-01
727.9101	4.048900e-01
728.3133	4.066771e-01
728.7165	4.084245e-01
729.1195	4.103059e-01
729.5226	4.120887e-01
729.9255	4.138973e-01
730.3284	4.157072e-01
730.7313	4.174206e-01
731.1341	4.193555e-01
731.5368	4.210762e-01
731.9395	4.226663e-01
732.3421	4.241915e-01
732.7446	4.257325e-01
733.1471	4.273255e-01
733.5495	4.289398e-01
733.9519	4.305976e-01
734.3542	4.324722e-01
734.7564	4.342769e-01
735.1586	4.361094e-01
735.5608	4.378723e-01
735.9628	4.397810e-01
736.3648	4.417166e-01
736.7668	4.436902e-01
737.1687	4.455537e-01
737.5705	4.474713e-01
737.9722	4.493775e-01
738.3739	4.515076e-01
738.7756	4.535271e-01
739.1772	4.556583e-01
739.5787	4.575660e-01
739.9802	4.597134e-01
740.3816	4.619418e-01
740.7829	4.641801e-01
741.1842	4.663035e-01
741.5854	4.680819e-01
741.9866	4.700481e-01
742.3877	4.718848e-01
742.7887	4.737240e-01
743.1897	4.754711e-01
743.5906	4.770975e-01
743.9915	4.786044e-01
744.3923	4.800248e-01
744.7930	4.811214e-01
745.1937	4.822323e-01
745.5943	4.831146e-01
745.9948	4.837902e-01
746.3953	4.843462e-01
746.7958	4.848269e-01
747.1962	4.854789e-01
747.5965	4.862440e-01
747.9967	4.866480e-01
748.3969	4.872810e-01
748.7971	4.880213e-01
749.1971	4.886194e-01
749.5971	4.888440e-01
749.9971	4.894559e-01
750.3970	4.900431e-01
750.7968	4.910517e-01
751.1966	4.921936e-01
751.5963	4.933210e-01
751.9959	4.946050e-01
752.3955	4.962057e-01
752.7951	4.977919e-01
753.1945	4.998061e-01
753.5939	5.017366e-01
753.9933	5.039913e-01
754.3926	5.067655e-01
754.7918	5.097314e-01
755.1909	5.128873e-01
755.5900	5.159052e-01
755.9891	5.189270e-01
756.3881	5.223574e-01
756.7870	5.258337e-01
757.1859	5.293884e-01
757.5847	5.330073e-01
757.9834	5.369046e-01
758.3821	5.407732e-01
758.7807	5.448070e-01
759.1792	5.487005e-01
759.5777	5.525627e-01
759.9762	5.568485e-01
760.3745	5.610500e-01
760.7729	5.651465e-01
761.1711	5.694378e-01
761.5693	5.736054e-01
761.9674	5.778437e-01
762.3655	5.822065e-01
762.7635	5.859966e-01
763.1615	5.901151e-01
763.5593	5.939721e-01
763.9572	5.979051e-01
764.3549	6.018967e-01
764.7526	6.058419e-01
765.1503	6.102300e-01
765.5479	6.145744e-01
765.9454	6.188021e-01
766.3429	6.230696e-01
766.7403	6.271327e-01
767.1376	6.311717e-01
767.5349	6.356497e-01
767.9321	6.401846e-01
768.3292	6.445689e-01
768.7263	6.493403e-01
769.1234	6.538822e-01
769.5204	6.582324e-01
769.9173	6.623561e-01
770.3141	6.664305e-01
770.7109	6.704636e-01
771.1076	6.745732e-01
771.5043	6.786452e-01
771.9009	6.831087e-01
772.2975	6.875374e-01
772.6939	6.916929e-01
773.0904	6.957729e-01
773.4867	6.999671e-01
773.8830	7.041730e-01
774.2793	7.082484e-01
774.6754	7.124036e-01
775.0716	7.166763e-01
775.4676	7.208204e-01
775.8636	7.252203e-01
776.2595	7.295613e-01
776.6554	7.341262e-01
777.0512	7.386335e-01
777.4470	7.432217e-01
777.8427	7.477602e-01
778.2383	7.525098e-01
778.6339	7.571199e-01
779.0294	7.615732e-01
779.4248	7.663440e-01
779.8202	7.714955e-01
780.2155	7.764990e-01
780.6108	7.814949e-01
781.0060	7.860230e-01
781.4011	7.911407e-01
781.7962	7.960013e-01
782.1912	8.007339e-01
782.5862	8.054204e-01
782.9811	8.101764e-01
783.3759	8.148780e-01
783.7707	8.198172e-01
784.1654	8.243935e-01
784.5600	8.292680e-01
784.9546	8.343186e-01
785.3491	8.390302e-01
785.7436	8.436349e-01
786.1380	8.483443e-01
786.5323	8.530026e-01
786.9266	8.578244e-01
787.3208	8.626982e-01
787.7150	8.676499e-01
788.1091	8.726988e-01
788.5031	8.777993e-01
788.8971	8.820433e-01
789.2910	8.867515e-01
789.6849	8.914405e-01
790.0786	8.960477e-01
790.4724	9.003731e-01
790.8660	9.052376e-01
791.2596	9.099588e-01
791.6532	9.145692e-01
792.0466	9.192200e-01
792.4401	9.244575e-01
792.8334	9.296497e-01
793.2267	9.346243e-01
793.6200	9.395255e-01
794.0131	9.445607e-01
794.4062	9.496365e-01
794.7993	9.546045e-01
795.1923	9.598574e-01
795.5852	9.646479e-01
795.9781	9.698593e-01
796.3709	9.750904e-01
796.7636	9.800990e-01
797.1563	9.854573e-01
797.5489	9.905887e-01
797.9414	9.954731e-01
798.3339	1.000401e+00
798.7264	1.005611e+00
799.1187	1.010704e+00
799.5110	1.016055e+00
799.9033	1.021582e+00
800.2955	1.027021e+00
800.6876	1.032830e+00
801.0797	1.038644e+00
801.4717	1.044150e+00
801.8636	1.049296e+00
802.2555	1.054209e+00
802.6473	1.059641e+00
803.0390	1.065056e+00
803.4307	1.069897e+00
803.8224	1.075173e+00
804.2139	1.080113e+00
804.6054	1.084905e+00
804.9969	1.089969e+00
805.3882	1.095030e+00
805.7796	1.100104e+00
806.1708	1.105503e+00
806.5620	1.111122e+00
806.9531	1.116031e+00
807.3442	1.121365e+00
807.7352	1.126654e+00
808.1262	1.131635e+00
808.5171	1.136651e+00
808.9079	1.141656e+00
809.2986	1.147278e+00
809.6893	1.151935e+00
810.0800	1.156499e+00
810.4706	1.160773e+00
810.8611	1.165309e+00
811.2515	1.169675e+00
811.6419	1.174873e+00
812.0322	1.179117e+00
812.4225	1.183273e+00
812.8127	1.188081e+00
813.2028	1.193888e+00
813.5929	1.198955e+00
813.9829	1.203957e+00
814.3729	1.208446e+00
814.7628	1.212272e+00
815.1526	1.217118e+00
815.5424	1.221310e+00
815.9321	1.225645e+00
816.3217	1.229643e+00
816.7113	1.234117e+00
817.1008	1.238565e+00
817.4903	1.241775e+00
817.8797	1.245741e+00
818.2690	1.249679e+00
818.6583	1.253843e+00
819.0475	1.257759e+00
819.4366	1.262560e+00
819.8257	1.267028e+00
820.2147	1.271618e+00
820.6037	1.276729e+00
820.9926	1.281688e+00
821.3814	1.285571e+00
821.7702	1.289414e+00
822.1589	1.294136e+00
822.5476	1.298389e+00
822.9361	1.302646e+00
823.3247	1.306848e+00
823.7131	1.311507e+00
824.1015	1.314353e+00
824.4899	1.317275e+00
824.8781	1.320773e+00
825.2663	1.324528e+00
825.6545	1.329101e+00
826.0426	1.333439e+00
826.4306	1.337805e+00
826.8186	1.342193e+00
827.2065	1.346598e+00
827.5943	1.351326e+00
827.9821	1.355753e+00
828.3698	1.359631e+00
828.7574	1.363091e+00
829.1450	1.366614e+00
829.5325	1.370707e+00
829.9200	1.375294e+00
830.3074	1.379315e+00
830.6947	1.383577e+00
831.0820	1.387688e+00
831.4692	1.391428e+00
831.8564	1.395085e+00
832.2435	1.397959e+00
832.6305	1.401738e+00
833.0174	1.405184e+00
833.4043	1.408408e+00
833.7912	1.411867e+00
834.1780	1.415724e+00
834.5647	1.419236e+00
834.9513	1.423384e+00
835.3379	1.426419e+00
835.7244	1.430101e+00
836.1109	1.433309e+00
836.4973	1.437454e+00
836.8836	1.441385e+00
837.2699	1.445330e+00
837.6561	1.448960e+00
838.0422	1.453551e+00
838.4283	1.458171e+00
838.8143	1.461844e+00
839.2003	1.465255e+00
839.5862	1.469597e+00
839.9720	1.473842e+00
840.3578	1.478629e+00
840.7435	1.482899e+00
841.1292	1.487124e+00
841.5147	1.491964e+00
841.9003	1.496267e+00
842.2857	1.500443e+00
842.6711	1.505094e+00
843.0564	1.508345e+00
843.4417	1.512258e+00
843.8269	1.515785e+00
844.2120	1.520491e+00
844.5971	1.525027e+00
844.9821	1.530250e+00
845.3671	1.534683e+00
845.7520	1.539324e+00
846.1368	1.543194e+00
846.5216	1.546929e+00
846.9063	1.551152e+00
847.2909	1.556062e+00
847.6755	1.561225e+00
848.0600	1.565813e+00
848.4445	1.571880e+00
848.8288	1.577168e+00
849.2132	1.582383e+00
849.5974	1.587025e+00
849.9816	1.592257e+00
850.3658	1.597707e+00
850.7498	1.602859e+00
851.1338	1.608728e+00
851.5178	1.614608e+00
851.9017	1.620617e+00
852.2855	1.627012e+00
852.6692	1.633514e+00
853.0529	1.639564e+00
853.4366	1.645086e+00
853.8201	1.651197e+00
854.2036	1.657421e+00
854.5871	1.663917e+00
854.9705	1.670263e+00
855.3538	1.676728e+00
855.7370	1.682422e+00
856.1202	1.688110e+00
856.5033	1.693593e+00
856.8864	1.699938e+00
857.2694	1.705915e+00
857.6523	1.711913e+00
858.0352	1.717884e+00
858.4180	1.725013e+00
858.8008	1.732702e+00
859.1834	1.739547e+00
859.5661	1.746106e+00
859.9486	1.753044e+00
860.3311	1.759405e+00
860.7135	1.766724e+00
861.0959	1.772982e+00
861.4782	1.781329e+00
861.8605	1.789284e+00
862.2426	1.797544e+00
862.6247	1.805145e+00
863.0068	1.813398e+00
863.3888	1.820447e+00
863.7707	1.827346e+00
864.1526	1.834547e+00
864.5344	1.843089e+00
864.9161	1.850902e+00
865.2978	1.859668e+00
865.6794	1.869203e+00
866.0609	1.878702e+00
866.4424	1.888305e+00
866.8238	1.898637e+00
867.2052	1.908170e+00
867.5864	1.916981e+00
867.9677	1.925856e+00
868.3488	1.935266e+00
868.7299	1.943856e+00
869.1110	1.952200e+00
869.4919	1.960081e+00
869.8728	1.966978e+00
870.2537	1.974060e+00
870.6345	1.982765e+00
871.0152	1.990002e+00
871.3958	1.998166e+00
871.7764	2.006444e+00
872.1570	2.015400e+00
872.5374	2.024035e+00
872.9178	2.033973e+00
873.2982	2.043343e+00
873.6784	2.052720e+00
874.0586	2.063559e+00
874.4388	2.072930e+00
874.8189	2.081853e+00
875.1989	2.090758e+00
875.5788	2.099808e+00
875.9587	2.109210e+00
876.3386	2.119092e+00
876.7183	2.128788e+00
877.0980	2.139678e+00
877.4777	2.149564e+00
877.8572	2.159807e+00
878.2367	2.170573e+00
878.6162	2.181274e+00
878.9956	2.193461e+00
879.3749	2.205392e+00
879.7541	2.217206e+00
880.1333	2.229861e+00
880.5124	2.242488e+00
880.8915	2.254768e+00
881.2705	2.268345e+00
881.6494	2.282875e+00
882.0283	2.296388e+00
882.4071	2.311258e+00
882.7859	2.324905e+00
883.1645	2.337598e+00
883.5432	2.349388e+00
883.9217	2.360508e+00
884.3002	2.370457e+00
884.6786	2.379521e+00
885.0570	2.388252e+00
885.4353	2.394895e+00
885.8135	2.400526e+00
886.1917	2.406040e+00
886.5698	2.409285e+00
886.9478	2.409625e+00
887.3258	2.409140e+00
887.7037	2.409112e+00
888.0816	2.408153e+00
888.4593	2.405740e+00
888.8371	2.401548e+00
889.2147	2.396759e+00
889.5923	2.389796e+00
889.9698	2.380502e+00
890.3473	2.369884e+00
890.7247	2.357562e+00
891.1020	2.346010e+00
891.4793	2.332158e+00
891.8565	2.317426e+00
892.2337	2.302040e+00
892.6107	2.286305e+00
892.9878	2.269402e+00
893.3647	2.253692e+00
893.7416	2.236899e+00
894.1184	2.220425e+00
894.4952	2.205379e+00
894.8719	2.191705e+00
895.2485	2.179385e+00
895.6251	2.168306e+00
896.0016	2.158765e+00
896.3780	2.151059e+00
896.7544	2.145366e+00
897.1307	2.141361e+00
897.5069	2.138992e+00
897.8831	2.139020e+00
898.2592	2.141702e+00
898.6353	2.146921e+00
899.0113	2.154748e+00
899.3872	2.166898e+00
899.7631	2.181871e+00
900.1389	2.199178e+00
900.5146	2.219969e+00
900.8903	2.243236e+00
901.2659	2.268077e+00
901.6414	2.297622e+00
902.0169	2.329271e+00
902.3923	2.363156e+00
902.7676	2.399179e+00
903.1429	2.437780e+00
903.5181	2.478014e+00
903.8933	2.518688e+00
904.2684	2.560177e+00
904.6434	2.602949e+00
905.0184	2.647411e+00
905.3932	2.693684e+00
905.7681	2.742003e+00
906.1428	2.789429e+00
906.5175	2.836990e+00
906.8922	2.884462e+00
907.2668	2.930589e+00
907.6413	2.976085e+00
908.0157	3.022823e+00
908.3901	3.069991e+00
908.7644	3.116576e+00
909.1386	3.162422e+00
909.5128	3.206206e+00
909.8870	3.250086e+00
910.2610	3.294152e+00
910.6350	3.338123e+00
911.0089	3.380663e+00
911.3828	3.423974e+00
911.7566	3.467802e+00
912.1303	3.508936e+00
912.5040	3.551472e+00
912.8776	3.593147e+00
913.2511	3.636097e+00
913.6246	3.678226e+00
913.9980	3.719319e+00
914.3714	3.761114e+00
914.7447	3.802872e+00
915.1179	3.843993e+00
915.4910	3.884809e+00
915.8641	3.926512e+00
916.2371	3.968370e+00
916.6101	4.009482e+00
916.9830	4.048679e+00
917.3558	4.087947e+00
917.7286	4.127722e+00
918.1013	4.166385e+00
918.4739	4.207400e+00
918.8465	4.247567e+00
919.2190	4.287432e+00
919.5914	4.325976e+00
919.9638	4.368351e+00
920.3361	4.408624e+00
920.7083	4.450597e+00
921.0805	4.491406e+00
921.4526	4.532488e+00
921.8247	4.572093e+00
922.1967	4.613875e+00
922.5686	4.656767e+00
922.9405	4.698768e+00
923.3123	4.739110e+00
923.6840	4.776355e+00
924.0556	4.815160e+00
924.4272	4.854258e+00
924.7988	4.895880e+00
925.1702	4.933160e+00
925.5416	4.973039e+00
925.9130	5.012749e+00
926.2842	5.051125e+00
926.6555	5.088352e+00
927.0266	5.126909e+00
927.3977	5.168597e+00
927.7687	5.210928e+00
928.1396	5.256614e+00
928.5105	5.304183e+00
928.8813	5.354353e+00
929.2521	5.406040e+00
929.6228	5.459047e+00
929.9934	5.511683e+00
930.3639	5.563655e+00
930.7344	5.616365e+00
931.1049	5.670866e+00
931.4752	5.726393e+00
931.8455	5.776015e+00
932.2157	5.832064e+00
932.5859	5.884798e+00
932.9560	5.940948e+00
933.3261	5.994619e+00
933.6960	6.051237e+00
934.0659	6.107488e+00
934.4358	6.165926e+00
934.8055	6.224859e+00
935.1753	6.286855e+00
935.5449	6.348158e+00
935.9145	6.412174e+00
936.2840	6.473070e+00
936.6534	6.531973e+00
937.0228	6.590388e+00
937.3921	6.648662e+00
937.7614	6.711006e+00
938.1306	6.771546e+00
938.4997	6.827535e+00
938.8688	6.883427e+00
939.2378	6.935507e+00
939.6067	6.987097e+00
939.9755	7.033544e+00
940.3443	7.082321e+00
940.7131	7.128810e+00
941.0817	7.168194e+00
941.4503	7.211615e+00
941.8189	7.256219e+00
942.1873	7.302729e+00
942.5557	7.347920e+00
942.9241	7.388310e+00
943.2924	7.438992e+00
943.6606	7.487729e+00
944.0287	7.534325e+00
944.3968	7.578787e+00
944.7648	7.624858e+00
945.1327	7.677016e+00
945.5006	7.731862e+00
945.8684	7.788645e+00
946.2362	7.848494e+00
946.6039	7.908172e+00
946.9715	7.967112e+00
947.3390	8.027099e+00
947.7065	8.087095e+00
948.0740	8.143052e+00
948.4413	8.199635e+00
948.8086	8.263277e+00
949.1758	8.329537e+00
949.5430	8.398366e+00
949.9101	8.465901e+00
950.2771	8.533480e+00
950.6441	8.606196e+00
951.0110	8.669205e+00
951.3778	8.740169e+00
951.7446	8.815829e+00
952.1113	8.893643e+00
952.4779	8.975763e+00
952.8445	9.055715e+00
953.2110	9.136880e+00
953.5774	9.214386e+00
953.9438	9.298248e+00
954.3101	9.384302e+00
954.6763	9.470429e+00
955.0425	9.546399e+00
955.4086	9.622732e+00
955.7747	9.704877e+00
956.1406	9.791413e+00
956.5065	9.881793e+00
956.8724	9.967473e+00
957.2382	1.005635e+01
957.6039	1.014275e+01
957.9695	1.023693e+01
958.3351	1.032606e+01
958.7006	1.041655e+01
959.0661	1.050576e+01
959.4315	1.059717e+01
959.7968	1.069660e+01
960.1620	1.079342e+01
960.5272	1.088840e+01
960.8924	1.097961e+01
961.2574	1.108194e+01
961.6224	1.118473e+01
961.9873	1.127794e+01
962.3522	1.137650e+01
962.7170	1.147879e+01
963.0817	1.158576e+01
963.4464	1.169903e+01
963.8110	1.180809e+01
964.1755	1.192024e+01
964.5400	1.203029e+01
964.9044	1.213000e+01
965.2687	1.224017e+01
965.6329	1.235353e+01
965.9971	1.246989e+01
966.3613	1.259023e+01
966.7253	1.271863e+01
967.0893	1.284488e+01
967.4533	1.296014e+01
967.8171	1.308376e+01
968.1810	1.321304e+01
968.5447	1.334368e+01
968.9084	1.347668e+01
969.2720	1.359952e+01
969.6355	1.372931e+01
969.9990	1.385415e+01
970.3624	1.399403e+01
970.7257	1.412462e+01
971.0890	1.425188e+01
971.4522	1.439733e+01
971.8153	1.454181e+01
972.1784	1.468543e+01
972.5414	1.483723e+01
972.9044	1.499618e+01
973.2672	1.515290e+01
973.6301	1.529999e+01
973.9928	1.546119e+01
974.3555	1.561144e+01
974.7181	1.577960e+01
975.0806	1.594908e+01
975.4431	1.610219e+01
975.8055	1.624886e+01
976.1679	1.640734e+01
976.5302	1.656280e+01
976.8924	1.673681e+01
977.2545	1.690622e+01
977.6166	1.707077e+01
977.9786	1.722695e+01
978.3406	1.739474e+01
978.7024	1.757675e+01
979.0643	1.775132e+01
979.4260	1.793475e+01
979.7877	1.814207e+01
980.1493	1.835388e+01
980.5109	1.854900e+01
980.8724	1.873834e+01
981.2338	1.896122e+01
981.5951	1.917275e+01
981.9564	1.938394e+01
982.3176	1.957281e+01
982.6788	1.977360e+01
983.0399	1.998631e+01
983.4009	2.021880e+01
983.7618	2.043200e+01
984.1227	2.065038e+01
984.4835	2.085898e+01
984.8443	2.106800e+01
985.2050	2.128030e+01
985.5656	2.149805e+01
985.9262	2.172192e+01
986.2866	2.196812e+01
986.6471	2.221442e+01
987.0074	2.247542e+01
987.3677	2.273511e+01
987.7279	2.299071e+01
988.0881	2.326521e+01
988.4482	2.355018e+01
988.8082	2.380985e+01
989.1681	2.406841e+01
989.5280	2.432398e+01
989.8879	2.460500e+01
990.2476	2.488169e+01
990.6073	2.515266e+01
990.9669	2.540337e+01
991.3265	2.565611e+01
991.6860	2.593340e+01
992.0454	2.619477e+01
992.4047	2.645134e+01
992.7640	2.675359e+01
993.1232	2.707004e+01
993.4824	2.741571e+01
993.8415	2.774929e+01
994.2005	2.809395e+01
994.5595	2.843491e+01
994.9183	2.878556e+01
995.2772	2.914973e+01
995.6359	2.950779e+01
995.9946	2.989325e+01
996.3532	3.022626e+01
996.7118	3.059016e+01
997.0703	3.098888e+01
997.4287	3.135759e+01
997.7870	3.171222e+01
998.1453	3.207400e+01
998.5035	3.244648e+01
998.8617	3.282620e+01
999.2198	3.320426e+01
999.5778	3.363670e+01
999.9357	3.406642e+01
1000.2936	3.448596e+01
1000.6514	3.492159e+01
1001.0092	3.534460e+01
1001.3669	3.576730e+01
1001.7245	3.618432e+01
1002.0820	3.664922e+01
1002.4395	3.708403e+01
1002.7969	3.753504e+01
1003.1543	3.798166e+01
1003.5116	3.837891e+01
1003.8688	3.885562e+01
1004.2259	3.925847e+01
1004.5830	3.963951e+01
1004.9400	4.003829e+01
1005.2970	4.048501e+01
1005.6539	4.099753e+01
1006.0107	4.154625e+01
1006.3674	4.209657e+01
1006.7241	4.264018e+01
1007.0807	4.314581e+01
1007.4372	4.373951e+01
1007.7937	4.443070e+01
1008.1501	4.509382e+01
1008.5065	4.576335e+01
1008.8627	4.648479e+01
1009.2190	4.721922e+01
1009.5751	4.789915e+01
1009.9312	4.864293e+01
1010.2872	4.932867e+01
1010.6431	4.998986e+01
1010.9990	5.066077e+01
1011.3548	5.122983e+01
1011.7105	5.188046e+01
1012.0662	5.255686e+01
1012.4218	5.321025e+01
1012.7773	5.392237e+01
1013.1328	5.456875e+01
1013.4882	5.512372e+01
1013.8435	5.578724e+01
1014.1988	5.646963e+01
1014.5540	5.722979e+01
1014.9091	5.805024e+01
1015.2642	5.876276e+01
1015.6192	5.957391e+01
1015.9741	6.043785e+01
1016.3290	6.133878e+01
1016.6838	6.215989e+01
1017.0385	6.309135e+01
1017.3932	6.394257e+01
1017.7478	6.482745e+01
1018.1023	6.592668e+01
1018.4567	6.676556e+01
1018.8111	6.774435e+01
1019.1655	6.865518e+01
1019.5197	6.962605e+01
1019.8739	7.065126e+01
1020.2280	7.161593e+01
1020.5821	7.251701e+01
1020.9361	7.378550e+01
1021.2900	7.486110e+01
1021.6438	7.610945e+01
1021.9976	7.737178e+01
1022.3513	7.859435e+01
1022.7050	7.989005e+01
1023.0586	8.118511e+01
1023.4121	8.247014e+01
1023.7655	8.342729e+01
1024.1189	8.468157e+01
1024.4722	8.577399e+01
1024.8255	8.699441e+01
1025.1786	8.837692e+01
1025.5317	8.938030e+01
1025.8848	9.062669e+01
1026.2378	9.166552e+01
1026.5907	9.315938e+01
1026.9435	9.433080e+01
1027.2963	9.580044e+01
1027.6490	9.740259e+01
1028.0016	9.922392e+01
1028.3542	1.007161e+02
1028.7067	1.021926e+02
1029.0591	1.036173e+02
1029.4115	1.050355e+02
1029.7638	1.064810e+02
1030.1160	1.079241e+02
1030.4681	1.093373e+02
1030.8202	1.107059e+02
1031.1723	1.120136e+02
1031.5242	1.132940e+02
