# Python obtained correction file for Flame1, contains the irradiance calibration
# LS-1-CAL
# Wavelength(nm)	Corr.Factor
192.3457	-0.000000e+00
192.8152	0.000000e+00
193.2845	0.000000e+00
193.7539	0.000000e+00
194.2231	0.000000e+00
194.6924	0.000000e+00
195.1616	0.000000e+00
195.6307	1.340073e+00
196.0998	1.201729e+00
196.5688	1.102088e+00
197.0378	1.030026e+00
197.5068	9.804094e-01
197.9757	9.601361e-01
198.4445	9.667155e-01
198.9133	9.913295e-01
199.3821	9.945253e-01
199.8508	1.003756e+00
200.3194	1.020162e+00
200.7881	1.044264e+00
201.2566	1.080359e+00
201.7251	1.123968e+00
202.1936	1.181210e+00
202.6620	1.241739e+00
203.1304	1.309037e+00
203.5987	1.360180e+00
204.0670	1.395636e+00
204.5352	1.416672e+00
205.0033	1.416200e+00
205.4715	1.415311e+00
205.9395	1.414041e+00
206.4076	1.404579e+00
206.8756	1.378848e+00
207.3435	1.362595e+00
207.8114	1.336218e+00
208.2792	1.298946e+00
208.7470	1.260710e+00
209.2147	1.223283e+00
209.6824	1.193940e+00
210.1500	1.169936e+00
210.6176	1.138092e+00
211.0852	1.109778e+00
211.5527	1.090125e+00
212.0201	1.066383e+00
212.4875	1.050242e+00
212.9549	1.028194e+00
213.4222	1.010902e+00
213.8894	1.000208e+00
214.3566	9.843304e-01
214.8238	9.688778e-01
215.2909	9.548102e-01
215.7579	9.403914e-01
216.2249	9.281075e-01
216.6919	9.215240e-01
217.1588	8.996810e-01
217.6257	8.691880e-01
218.0925	8.507068e-01
218.5592	8.310901e-01
219.0260	8.115494e-01
219.4926	7.967831e-01
219.9592	7.865962e-01
220.4258	7.790211e-01
220.8923	7.648037e-01
221.3588	7.533006e-01
221.8252	7.444124e-01
222.2916	7.360504e-01
222.7579	7.289637e-01
223.2242	7.209990e-01
223.6904	7.174473e-01
224.1566	7.168337e-01
224.6227	7.158020e-01
225.0888	7.114759e-01
225.5548	7.037389e-01
226.0208	6.939544e-01
226.4868	6.752228e-01
226.9526	6.584713e-01
227.4185	6.512820e-01
227.8843	6.425755e-01
228.3500	6.337907e-01
228.8157	6.173326e-01
229.2813	6.026575e-01
229.7469	5.917960e-01
230.2125	5.790165e-01
230.6780	5.700360e-01
231.1434	5.613343e-01
231.6088	5.570411e-01
232.0742	5.488522e-01
232.5395	5.424611e-01
233.0047	5.376080e-01
233.4699	5.273814e-01
233.9351	5.179566e-01
234.4002	5.119758e-01
234.8652	5.048510e-01
235.3302	4.940675e-01
235.7952	4.863450e-01
236.2601	4.820645e-01
236.7249	4.778337e-01
237.1897	4.740824e-01
237.6545	4.728858e-01
238.1192	4.664950e-01
238.5839	4.655453e-01
239.0485	4.651788e-01
239.5130	4.633174e-01
239.9776	4.576583e-01
240.4420	4.486149e-01
240.9064	4.428800e-01
241.3708	4.385204e-01
241.8351	4.310062e-01
242.2994	4.220075e-01
242.7636	4.149182e-01
243.2278	4.082748e-01
243.6919	4.036318e-01
244.1560	3.963206e-01
244.6200	3.938200e-01
245.0839	3.976900e-01
245.5479	3.960514e-01
246.0117	3.914946e-01
246.4756	3.951132e-01
246.9393	4.005861e-01
247.4031	4.011083e-01
247.8667	4.019207e-01
248.3304	3.963029e-01
248.7939	3.895584e-01
249.2575	3.845443e-01
249.7209	3.816178e-01
250.1844	3.786953e-01
250.6478	3.780993e-01
251.1111	3.776558e-01
251.5744	3.744829e-01
252.0376	3.749875e-01
252.5008	3.764026e-01
252.9639	3.793376e-01
253.4270	3.753576e-01
253.8900	3.741621e-01
254.3530	3.713382e-01
254.8159	3.707136e-01
255.2788	3.670988e-01
255.7417	3.649489e-01
256.2045	3.637863e-01
256.6672	3.594041e-01
257.1299	3.521775e-01
257.5925	3.490981e-01
258.0551	3.477744e-01
258.5176	3.485533e-01
258.9801	3.481443e-01
259.4426	3.475548e-01
259.9050	3.492345e-01
260.3673	3.507946e-01
260.8296	3.487289e-01
261.2918	3.487522e-01
261.7540	3.499654e-01
262.2162	3.515493e-01
262.6783	3.474885e-01
263.1403	3.455210e-01
263.6023	3.443051e-01
264.0642	3.443898e-01
264.5261	3.439766e-01
264.9880	3.441378e-01
265.4498	3.470376e-01
265.9115	3.512017e-01
266.3732	3.576936e-01
266.8349	3.606111e-01
267.2965	3.595848e-01
267.7580	3.645870e-01
268.2195	3.679678e-01
268.6809	3.685128e-01
269.1423	3.705292e-01
269.6037	3.712349e-01
270.0650	3.723737e-01
270.5262	3.761059e-01
270.9874	3.813370e-01
271.4486	3.840592e-01
271.9097	3.868678e-01
272.3707	3.935444e-01
272.8317	4.000280e-01
273.2927	4.054842e-01
273.7536	4.091241e-01
274.2144	4.109438e-01
274.6752	4.147944e-01
275.1360	4.162095e-01
275.5967	4.162716e-01
276.0573	4.118610e-01
276.5179	4.081173e-01
276.9785	4.047664e-01
277.4390	4.022420e-01
277.8994	3.978978e-01
278.3598	3.946134e-01
278.8202	3.893803e-01
279.2805	3.871426e-01
279.7407	3.872124e-01
280.2009	3.881757e-01
280.6611	3.920298e-01
281.1212	3.946597e-01
281.5812	3.945497e-01
282.0412	3.902631e-01
282.5011	3.893631e-01
282.9610	3.927065e-01
283.4209	3.950481e-01
283.8807	3.954645e-01
284.3404	3.938874e-01
284.8001	3.918934e-01
285.2598	3.904536e-01
285.7194	3.903668e-01
286.1789	3.895310e-01
286.6384	3.901080e-01
287.0979	3.879972e-01
287.5573	3.867208e-01
288.0166	3.833229e-01
288.4759	3.815474e-01
288.9352	3.785551e-01
289.3944	3.747734e-01
289.8535	3.738021e-01
290.3126	3.689924e-01
290.7717	3.662685e-01
291.2307	3.630094e-01
291.6896	3.609426e-01
292.1485	3.569796e-01
292.6073	3.545968e-01
293.0661	3.527550e-01
293.5249	3.489471e-01
293.9836	3.462802e-01
294.4422	3.470565e-01
294.9008	3.495140e-01
295.3594	3.506020e-01
295.8179	3.515513e-01
296.2763	3.508284e-01
296.7347	3.473353e-01
297.1930	3.463328e-01
297.6513	3.454734e-01
298.1096	3.479720e-01
298.5678	3.535704e-01
299.0259	3.607731e-01
299.4840	3.664699e-01
299.9420	3.692876e-01
300.4000	3.723804e-01
300.8580	3.784816e-01
301.3159	3.835570e-01
301.7737	3.884067e-01
302.2315	3.908073e-01
302.6892	3.899307e-01
303.1469	3.900213e-01
303.6045	3.938114e-01
304.0621	3.978836e-01
304.5197	4.003980e-01
304.9772	4.054312e-01
305.4346	4.080865e-01
305.8920	4.107269e-01
306.3493	4.140624e-01
306.8066	4.137558e-01
307.2638	4.170235e-01
307.7210	4.232917e-01
308.1781	4.254034e-01
308.6352	4.281016e-01
309.0922	4.318503e-01
309.5492	4.390134e-01
310.0062	4.446583e-01
310.4630	4.478041e-01
310.9199	4.470867e-01
311.3766	4.478875e-01
311.8334	4.484741e-01
312.2900	4.522499e-01
312.7467	4.598375e-01
313.2032	4.664434e-01
313.6598	4.777939e-01
314.1162	4.874812e-01
314.5727	4.920765e-01
315.0290	4.967714e-01
315.4853	4.988428e-01
315.9416	5.085004e-01
316.3978	5.133857e-01
316.8540	5.216346e-01
317.3101	5.269234e-01
317.7662	5.358727e-01
318.2222	5.443150e-01
318.6782	5.520213e-01
319.1341	5.602309e-01
319.5899	5.674273e-01
320.0458	5.719999e-01
320.5015	5.811207e-01
320.9572	5.876847e-01
321.4129	5.915229e-01
321.8685	5.944746e-01
322.3241	5.990221e-01
322.7796	6.086312e-01
323.2350	6.156064e-01
323.6904	6.230952e-01
324.1458	6.292558e-01
324.6011	6.346404e-01
325.0563	6.460440e-01
325.5115	6.504100e-01
325.9667	6.605474e-01
326.4218	6.721968e-01
326.8768	6.779374e-01
327.3318	6.805200e-01
327.7868	6.905213e-01
328.2417	6.973402e-01
328.6965	7.038920e-01
329.1513	7.088678e-01
329.6061	7.126861e-01
330.0608	7.180672e-01
330.5154	7.263458e-01
330.9700	7.333055e-01
331.4245	7.434056e-01
331.8790	7.492529e-01
332.3335	7.536963e-01
332.7878	7.554651e-01
333.2422	7.552381e-01
333.6965	7.579567e-01
334.1507	7.648219e-01
334.6049	7.681564e-01
335.0590	7.705937e-01
335.5131	7.667832e-01
335.9671	7.553979e-01
336.4211	7.519671e-01
336.8750	7.445200e-01
337.3289	7.380306e-01
337.7827	7.341609e-01
338.2365	7.269334e-01
338.6902	7.221878e-01
339.1439	7.139095e-01
339.5975	7.025830e-01
340.0510	6.904106e-01
340.5046	6.777397e-01
340.9580	6.652458e-01
341.4114	6.530045e-01
341.8648	6.409573e-01
342.3181	6.277721e-01
342.7714	6.179408e-01
343.2246	6.080430e-01
343.6777	5.960115e-01
344.1308	5.830410e-01
344.5839	5.718577e-01
345.0369	5.613339e-01
345.4898	5.540365e-01
345.9427	5.448747e-01
346.3956	5.364370e-01
346.8484	5.276455e-01
347.3011	5.196763e-01
347.7538	5.123662e-01
348.2065	5.033785e-01
348.6590	4.942961e-01
349.1116	4.864699e-01
349.5641	4.793822e-01
350.0165	4.730650e-01
350.4689	4.672746e-01
350.9212	4.615070e-01
351.3735	4.555302e-01
351.8257	4.505508e-01
352.2779	4.455074e-01
352.7300	4.407496e-01
353.1821	4.354686e-01
353.6341	4.297985e-01
354.0861	4.240588e-01
354.5380	4.180332e-01
354.9899	4.073803e-01
355.4417	3.943259e-01
355.8935	3.870061e-01
356.3452	3.842649e-01
356.7969	3.807512e-01
357.2485	3.765927e-01
357.7000	3.716154e-01
358.1515	3.671754e-01
358.6030	3.624610e-01
359.0544	3.577100e-01
359.5058	3.539592e-01
359.9571	3.501758e-01
360.4083	3.470531e-01
360.8595	3.446520e-01
361.3107	3.410462e-01
361.7617	3.379685e-01
362.2128	3.364018e-01
362.6638	3.341752e-01
363.1147	3.310667e-01
363.5656	3.285754e-01
364.0164	3.267929e-01
364.4672	3.245306e-01
364.9180	3.222607e-01
365.3686	3.195051e-01
365.8193	3.158230e-01
366.2698	3.116033e-01
366.7204	3.088030e-01
367.1708	3.065891e-01
367.6213	3.040742e-01
368.0716	3.016000e-01
368.5219	2.994071e-01
368.9722	2.979427e-01
369.4224	2.966564e-01
369.8726	2.952173e-01
370.3227	2.922446e-01
370.7728	2.889237e-01
371.2228	2.869902e-01
371.6727	2.850112e-01
372.1226	2.825663e-01
372.5725	2.801767e-01
373.0223	2.778947e-01
373.4720	2.756786e-01
373.9217	2.734322e-01
374.3713	2.713049e-01
374.8209	2.695175e-01
375.2705	2.679448e-01
375.7200	2.658903e-01
376.1694	2.636238e-01
376.6188	2.622629e-01
377.0681	2.612094e-01
377.5174	2.599343e-01
377.9666	2.584749e-01
378.4158	2.568445e-01
378.8649	2.552029e-01
379.3140	2.533922e-01
379.7630	2.516817e-01
380.2120	2.501049e-01
380.6609	2.485652e-01
381.1097	2.468410e-01
381.5585	2.449971e-01
382.0073	2.439676e-01
382.4560	2.428896e-01
382.9046	2.413812e-01
383.3532	2.405433e-01
383.8018	2.394193e-01
384.2503	2.376983e-01
384.6987	2.360050e-01
385.1471	2.342838e-01
385.5955	2.326503e-01
386.0438	2.311928e-01
386.4920	2.299976e-01
386.9402	2.289442e-01
387.3883	2.275628e-01
387.8364	2.262848e-01
388.2844	2.252852e-01
388.7324	2.238818e-01
389.1803	2.226672e-01
389.6282	2.220760e-01
390.0760	2.213053e-01
390.5237	2.202411e-01
390.9715	2.196469e-01
391.4191	2.192040e-01
391.8667	2.189636e-01
392.3143	2.187718e-01
392.7618	2.183973e-01
393.2092	2.181768e-01
393.6566	2.181444e-01
394.1040	2.176817e-01
394.5513	2.175090e-01
394.9985	2.177360e-01
395.4457	2.177523e-01
395.8928	2.177522e-01
396.3399	2.177856e-01
396.7869	2.179193e-01
397.2339	2.182287e-01
397.6808	2.182954e-01
398.1277	2.183169e-01
398.5745	2.186558e-01
399.0213	2.188380e-01
399.4680	2.185238e-01
399.9147	2.184759e-01
400.3613	2.184008e-01
400.8078	2.183252e-01
401.2543	2.181965e-01
401.7008	2.181466e-01
402.1472	2.179970e-01
402.5935	2.176133e-01
403.0398	2.173215e-01
403.4861	2.171610e-01
403.9323	2.163639e-01
404.3784	2.154816e-01
404.8245	2.146975e-01
405.2705	2.139093e-01
405.7165	2.129144e-01
406.1624	2.119129e-01
406.6083	2.108931e-01
407.0541	2.096770e-01
407.4999	2.086546e-01
407.9456	2.077355e-01
408.3912	2.065903e-01
408.8369	2.055301e-01
409.2824	2.044322e-01
409.7279	2.039028e-01
410.1734	2.035444e-01
410.6188	2.030945e-01
411.0641	2.027926e-01
411.5094	2.025459e-01
411.9546	2.025993e-01
412.3998	2.025540e-01
412.8450	2.024581e-01
413.2900	2.025536e-01
413.7351	2.025422e-01
414.1800	2.029051e-01
414.6250	2.031713e-01
415.0698	2.034189e-01
415.5147	2.034981e-01
415.9594	2.036297e-01
416.4041	2.040311e-01
416.8488	2.043228e-01
417.2934	2.045289e-01
417.7379	2.048078e-01
418.1824	2.050013e-01
418.6269	2.050807e-01
419.0713	2.050409e-01
419.5156	2.050860e-01
419.9599	2.050614e-01
420.4041	2.050731e-01
420.8483	2.050940e-01
421.2925	2.048923e-01
421.7365	2.045545e-01
422.1806	2.044502e-01
422.6245	2.041345e-01
423.0684	2.037676e-01
423.5123	2.034254e-01
423.9561	2.029879e-01
424.3999	2.024040e-01
424.8436	2.019381e-01
425.2872	2.017183e-01
425.7308	2.011869e-01
426.1744	2.003942e-01
426.6179	1.996888e-01
427.0613	1.988711e-01
427.5047	1.979957e-01
427.9480	1.971999e-01
428.3913	1.963390e-01
428.8345	1.954979e-01
429.2777	1.949217e-01
429.7208	1.943325e-01
430.1639	1.934732e-01
430.6069	1.926328e-01
431.0498	1.918035e-01
431.4928	1.908840e-01
431.9356	1.902287e-01
432.3784	1.893579e-01
432.8212	1.885465e-01
433.2638	1.876833e-01
433.7065	1.870334e-01
434.1491	1.865646e-01
434.5916	1.860196e-01
435.0341	1.853610e-01
435.4765	1.848662e-01
435.9189	1.843709e-01
436.3612	1.840167e-01
436.8035	1.837893e-01
437.2457	1.837073e-01
437.6878	1.835805e-01
438.1300	1.836411e-01
438.5720	1.835321e-01
439.0140	1.832808e-01
439.4560	1.831410e-01
439.8978	1.829570e-01
440.3397	1.831293e-01
440.7815	1.832050e-01
441.2232	1.829525e-01
441.6649	1.831127e-01
442.1065	1.833249e-01
442.5481	1.835090e-01
442.9896	1.836113e-01
443.4311	1.838420e-01
443.8725	1.842001e-01
444.3138	1.848575e-01
444.7551	1.850711e-01
445.1964	1.852861e-01
445.6376	1.857665e-01
446.0787	1.860997e-01
446.5198	1.859779e-01
446.9609	1.860467e-01
447.4018	1.859776e-01
447.8428	1.859543e-01
448.2836	1.858876e-01
448.7245	1.856536e-01
449.1652	1.854310e-01
449.6060	1.850445e-01
450.0466	1.846926e-01
450.4872	1.839871e-01
450.9278	1.833943e-01
451.3683	1.829351e-01
451.8087	1.824270e-01
452.2491	1.815900e-01
452.6895	1.804539e-01
453.1297	1.796415e-01
453.5700	1.784609e-01
454.0102	1.773607e-01
454.4503	1.761746e-01
454.8904	1.746737e-01
455.3304	1.734081e-01
455.7703	1.722705e-01
456.2102	1.707937e-01
456.6501	1.693423e-01
457.0899	1.682287e-01
457.5296	1.668867e-01
457.9693	1.655516e-01
458.4090	1.643764e-01
458.8486	1.633419e-01
459.2881	1.623962e-01
459.7276	1.615206e-01
460.1670	1.604082e-01
460.6064	1.593256e-01
461.0457	1.585496e-01
461.4850	1.577187e-01
461.9242	1.568449e-01
462.3633	1.560633e-01
462.8024	1.554696e-01
463.2415	1.548081e-01
463.6805	1.541005e-01
464.1194	1.534759e-01
464.5583	1.527405e-01
464.9971	1.520809e-01
465.4359	1.514795e-01
465.8746	1.509003e-01
466.3133	1.501176e-01
466.7519	1.493012e-01
467.1905	1.483569e-01
467.6290	1.473290e-01
468.0674	1.464557e-01
468.5058	1.456339e-01
468.9442	1.447344e-01
469.3825	1.436579e-01
469.8207	1.425604e-01
470.2589	1.414365e-01
470.6970	1.403285e-01
471.1351	1.390803e-01
471.5731	1.376862e-01
472.0111	1.364452e-01
472.4490	1.352933e-01
472.8869	1.339615e-01
473.3247	1.326201e-01
473.7624	1.312695e-01
474.2001	1.298534e-01
474.6378	1.283996e-01
475.0753	1.268902e-01
475.5129	1.254713e-01
475.9504	1.241060e-01
476.3878	1.228454e-01
476.8252	1.215269e-01
477.2625	1.201915e-01
477.6997	1.188637e-01
478.1369	1.175560e-01
478.5741	1.162510e-01
479.0112	1.150633e-01
479.4482	1.138800e-01
479.8852	1.126999e-01
480.3222	1.115368e-01
480.7590	1.104353e-01
481.1959	1.093938e-01
481.6327	1.083448e-01
482.0694	1.073491e-01
482.5060	1.063867e-01
482.9426	1.055289e-01
483.3792	1.047332e-01
483.8157	1.039556e-01
484.2522	1.031418e-01
484.6885	1.023293e-01
485.1249	1.016246e-01
485.5612	1.009078e-01
485.9974	1.002394e-01
486.4336	9.961328e-02
486.8697	9.901688e-02
487.3058	9.842181e-02
487.7418	9.786836e-02
488.1777	9.728535e-02
488.6136	9.676125e-02
489.0495	9.633345e-02
489.4853	9.590823e-02
489.9210	9.549711e-02
490.3567	9.510099e-02
490.7923	9.475682e-02
491.2279	9.443094e-02
491.6634	9.416316e-02
492.0989	9.392321e-02
492.5343	9.362300e-02
492.9697	9.337921e-02
493.4050	9.319259e-02
493.8402	9.304178e-02
494.2754	9.289619e-02
494.7106	9.275803e-02
495.1456	9.265348e-02
495.5807	9.251182e-02
496.0156	9.242597e-02
496.4506	9.235822e-02
496.8854	9.228829e-02
497.3202	9.216538e-02
497.7550	9.214028e-02
498.1897	9.208282e-02
498.6243	9.199182e-02
499.0589	9.193285e-02
499.4935	9.188542e-02
499.9280	9.185109e-02
500.3624	9.186888e-02
500.7968	9.184843e-02
501.2311	9.180982e-02
501.6653	9.176915e-02
502.0996	9.174248e-02
502.5337	9.171835e-02
502.9678	9.165993e-02
503.4018	9.161230e-02
503.8358	9.154076e-02
504.2698	9.146289e-02
504.7037	9.134334e-02
505.1375	9.124977e-02
505.5712	9.120097e-02
506.0050	9.116630e-02
506.4386	9.118996e-02
506.8722	9.122093e-02
507.3058	9.122677e-02
507.7393	9.129395e-02
508.1727	9.137729e-02
508.6061	9.147652e-02
509.0394	9.155174e-02
509.4727	9.159923e-02
509.9059	9.164449e-02
510.3391	9.171521e-02
510.7722	9.181235e-02
511.2053	9.188294e-02
511.6383	9.191551e-02
512.0712	9.193232e-02
512.5041	9.194016e-02
512.9369	9.203111e-02
513.3697	9.207056e-02
513.8024	9.206234e-02
514.2351	9.209842e-02
514.6677	9.212866e-02
515.1003	9.211961e-02
515.5328	9.209040e-02
515.9653	9.205547e-02
516.3976	9.208483e-02
516.8300	9.211575e-02
517.2623	9.213043e-02
517.6945	9.209030e-02
518.1267	9.203409e-02
518.5588	9.193900e-02
518.9909	9.186512e-02
519.4229	9.186242e-02
519.8548	9.188728e-02
520.2867	9.193980e-02
520.7186	9.198256e-02
521.1504	9.204562e-02
521.5821	9.213797e-02
522.0138	9.220099e-02
522.4454	9.225349e-02
522.8770	9.233773e-02
523.3085	9.240452e-02
523.7399	9.248807e-02
524.1713	9.254452e-02
524.6027	9.261602e-02
525.0340	9.273831e-02
525.4652	9.288890e-02
525.8964	9.301806e-02
526.3275	9.312420e-02
526.7586	9.320856e-02
527.1896	9.332723e-02
527.6205	9.347327e-02
528.0515	9.367383e-02
528.4823	9.383835e-02
528.9131	9.402921e-02
529.3438	9.423462e-02
529.7745	9.443520e-02
530.2051	9.461030e-02
530.6357	9.479345e-02
531.0662	9.508949e-02
531.4967	9.537523e-02
531.9271	9.561601e-02
532.3574	9.580344e-02
532.7877	9.599610e-02
533.2180	9.618342e-02
533.6482	9.635235e-02
534.0783	9.657853e-02
534.5084	9.684231e-02
534.9384	9.712571e-02
535.3683	9.731525e-02
535.7982	9.753060e-02
536.2281	9.775605e-02
536.6579	9.799106e-02
537.0876	9.814765e-02
537.5173	9.837538e-02
537.9469	9.863345e-02
538.3765	9.883491e-02
538.8060	9.905454e-02
539.2355	9.926603e-02
539.6649	9.951296e-02
540.0942	9.975032e-02
540.5235	9.996487e-02
540.9528	1.001879e-01
541.3819	1.003966e-01
541.8111	1.005820e-01
542.2401	1.008074e-01
542.6692	1.010543e-01
543.0981	1.012526e-01
543.5270	1.014399e-01
543.9559	1.016496e-01
544.3847	1.018470e-01
544.8134	1.020530e-01
545.2421	1.022236e-01
545.6707	1.023629e-01
546.0993	1.025589e-01
546.5278	1.027077e-01
546.9562	1.028325e-01
547.3846	1.029321e-01
547.8130	1.030361e-01
548.2413	1.031840e-01
548.6695	1.033603e-01
549.0977	1.035333e-01
549.5258	1.036751e-01
549.9539	1.038283e-01
550.3819	1.039933e-01
550.8099	1.042279e-01
551.2377	1.043502e-01
551.6656	1.044816e-01
552.0934	1.047017e-01
552.5211	1.049565e-01
552.9488	1.052174e-01
553.3764	1.054184e-01
553.8040	1.055806e-01
554.2315	1.057702e-01
554.6589	1.059852e-01
555.0863	1.062277e-01
555.5137	1.064193e-01
555.9409	1.065784e-01
556.3682	1.067101e-01
556.7953	1.068331e-01
557.2225	1.069991e-01
557.6495	1.071712e-01
558.0765	1.072920e-01
558.5035	1.074298e-01
558.9304	1.075557e-01
559.3572	1.076671e-01
559.7840	1.077092e-01
560.2107	1.077886e-01
560.6374	1.078382e-01
561.0640	1.078912e-01
561.4905	1.079197e-01
561.9170	1.078664e-01
562.3435	1.077632e-01
562.7699	1.076429e-01
563.1962	1.075124e-01
563.6225	1.074222e-01
564.0487	1.072875e-01
564.4748	1.071170e-01
564.9009	1.069054e-01
565.3270	1.067408e-01
565.7530	1.066110e-01
566.1789	1.064798e-01
566.6048	1.063595e-01
567.0306	1.062762e-01
567.4564	1.062490e-01
567.8821	1.062003e-01
568.3078	1.061886e-01
568.7334	1.062979e-01
569.1589	1.064135e-01
569.5844	1.066383e-01
570.0098	1.068698e-01
570.4352	1.071061e-01
570.8605	1.073903e-01
571.2858	1.077585e-01
571.7110	1.080877e-01
572.1361	1.085661e-01
572.5612	1.090863e-01
572.9863	1.095653e-01
573.4112	1.100425e-01
573.8362	1.105412e-01
574.2610	1.110935e-01
574.6858	1.116648e-01
575.1106	1.122557e-01
575.5353	1.127987e-01
575.9599	1.133601e-01
576.3845	1.138519e-01
576.8090	1.143378e-01
577.2335	1.148748e-01
577.6579	1.153630e-01
578.0823	1.159026e-01
578.5066	1.164449e-01
578.9308	1.169936e-01
579.3550	1.175305e-01
579.7791	1.180407e-01
580.2032	1.185073e-01
580.6272	1.190839e-01
581.0512	1.195786e-01
581.4751	1.200886e-01
581.8990	1.205743e-01
582.3227	1.210731e-01
582.7465	1.215432e-01
583.1702	1.220280e-01
583.5938	1.225664e-01
584.0174	1.230590e-01
584.4409	1.235523e-01
584.8643	1.239672e-01
585.2877	1.243478e-01
585.7110	1.247892e-01
586.1343	1.252339e-01
586.5576	1.256235e-01
586.9807	1.260085e-01
587.4038	1.263930e-01
587.8269	1.267554e-01
588.2499	1.271481e-01
588.6728	1.275501e-01
589.0957	1.279565e-01
589.5186	1.283566e-01
589.9413	1.287925e-01
590.3640	1.291674e-01
590.7867	1.295418e-01
591.2093	1.298317e-01
591.6318	1.302027e-01
592.0543	1.306170e-01
592.4768	1.308748e-01
592.8991	1.311177e-01
593.3215	1.313124e-01
593.7437	1.314812e-01
594.1659	1.316946e-01
594.5881	1.318810e-01
595.0102	1.319449e-01
595.4322	1.319806e-01
595.8542	1.319505e-01
596.2761	1.318769e-01
596.6979	1.317705e-01
597.1197	1.315806e-01
597.5415	1.312972e-01
597.9632	1.310530e-01
598.3848	1.307537e-01
598.8064	1.303881e-01
599.2279	1.299708e-01
599.6494	1.295215e-01
600.0708	1.290701e-01
600.4921	1.286223e-01
600.9134	1.281609e-01
601.3347	1.277486e-01
601.7558	1.273280e-01
602.1770	1.269983e-01
602.5980	1.267389e-01
603.0190	1.265688e-01
603.4400	1.263741e-01
603.8609	1.263251e-01
604.2817	1.263302e-01
604.7025	1.263873e-01
605.1232	1.265155e-01
605.5439	1.266653e-01
605.9645	1.268582e-01
606.3850	1.271808e-01
606.8055	1.274774e-01
607.2260	1.278549e-01
607.6463	1.283816e-01
608.0667	1.289251e-01
608.4869	1.295159e-01
608.9071	1.301723e-01
609.3273	1.308745e-01
609.7474	1.315806e-01
610.1674	1.323009e-01
610.5874	1.330102e-01
611.0073	1.337734e-01
611.4272	1.345667e-01
611.8470	1.353028e-01
612.2667	1.360459e-01
612.6864	1.368088e-01
613.1061	1.375500e-01
613.5256	1.383546e-01
613.9452	1.390192e-01
614.3646	1.397284e-01
614.7840	1.404945e-01
615.2034	1.411964e-01
615.6227	1.418938e-01
616.0419	1.425847e-01
616.4611	1.432648e-01
616.8802	1.439916e-01
617.2992	1.447162e-01
617.7182	1.453789e-01
618.1372	1.460393e-01
618.5561	1.467660e-01
618.9749	1.474641e-01
619.3937	1.480675e-01
619.8124	1.486890e-01
620.2311	1.493773e-01
620.6497	1.500446e-01
621.0682	1.506747e-01
621.4867	1.513166e-01
621.9051	1.520324e-01
622.3235	1.526655e-01
622.7418	1.534686e-01
623.1601	1.542159e-01
623.5783	1.549034e-01
623.9964	1.556212e-01
624.4145	1.562775e-01
624.8325	1.570046e-01
625.2505	1.576781e-01
625.6684	1.584119e-01
626.0862	1.590967e-01
626.5040	1.598389e-01
626.9218	1.605077e-01
627.3395	1.611637e-01
627.7571	1.618744e-01
628.1746	1.626719e-01
628.5921	1.633979e-01
629.0096	1.641165e-01
629.4270	1.647515e-01
629.8443	1.654222e-01
630.2616	1.661225e-01
630.6788	1.667236e-01
631.0960	1.674339e-01
631.5131	1.680766e-01
631.9301	1.687761e-01
632.3471	1.694894e-01
632.7640	1.701090e-01
633.1809	1.708256e-01
633.5977	1.714545e-01
634.0145	1.721405e-01
634.4312	1.728113e-01
634.8478	1.736079e-01
635.2644	1.743222e-01
635.6809	1.750700e-01
636.0974	1.758112e-01
636.5138	1.764982e-01
636.9302	1.771472e-01
637.3465	1.779197e-01
637.7627	1.786179e-01
638.1789	1.793618e-01
638.5950	1.800595e-01
639.0111	1.807834e-01
639.4271	1.814581e-01
639.8430	1.820946e-01
640.2589	1.828009e-01
640.6747	1.833982e-01
641.0905	1.840076e-01
641.5062	1.847548e-01
641.9219	1.854644e-01
642.3375	1.861656e-01
642.7530	1.868596e-01
643.1685	1.876151e-01
643.5839	1.883737e-01
643.9993	1.890704e-01
644.4146	1.898170e-01
644.8298	1.905004e-01
645.2450	1.911837e-01
645.6602	1.919141e-01
646.0752	1.926270e-01
646.4903	1.934124e-01
646.9052	1.941358e-01
647.3201	1.949437e-01
647.7350	1.955662e-01
648.1497	1.962705e-01
648.5645	1.969972e-01
648.9791	1.976626e-01
649.3938	1.983942e-01
649.8083	1.990678e-01
650.2228	1.996887e-01
650.6372	2.003597e-01
651.0516	2.010780e-01
651.4659	2.018746e-01
651.8802	2.025895e-01
652.2944	2.032329e-01
652.7086	2.040846e-01
653.1226	2.047326e-01
653.5367	2.053735e-01
653.9506	2.059442e-01
654.3646	2.065937e-01
654.7784	2.072083e-01
655.1922	2.079423e-01
655.6059	2.086449e-01
656.0196	2.092761e-01
656.4332	2.098641e-01
656.8468	2.105234e-01
657.2603	2.111517e-01
657.6738	2.118062e-01
658.0871	2.123508e-01
658.5005	2.130002e-01
658.9137	2.137090e-01
659.3270	2.144155e-01
659.7401	2.151024e-01
660.1532	2.156918e-01
660.5662	2.164287e-01
660.9792	2.172436e-01
661.3921	2.179299e-01
661.8050	2.186248e-01
662.2178	2.192285e-01
662.6306	2.199544e-01
663.0432	2.207155e-01
663.4559	2.214576e-01
663.8684	2.221047e-01
664.2810	2.226970e-01
664.6934	2.232930e-01
665.1058	2.240347e-01
665.5181	2.247390e-01
665.9304	2.255327e-01
666.3426	2.262344e-01
666.7548	2.269959e-01
667.1669	2.276894e-01
667.5789	2.283328e-01
667.9909	2.290773e-01
668.4028	2.298379e-01
668.8147	2.306007e-01
669.2265	2.314084e-01
669.6383	2.322230e-01
670.0500	2.330067e-01
670.4616	2.336778e-01
670.8732	2.343708e-01
671.2847	2.350525e-01
671.6961	2.358757e-01
672.1075	2.367042e-01
672.5189	2.375081e-01
672.9302	2.383945e-01
673.3414	2.392610e-01
673.7525	2.400654e-01
674.1636	2.410626e-01
674.5747	2.418918e-01
674.9857	2.427158e-01
675.3966	2.435578e-01
675.8075	2.444756e-01
676.2183	2.453421e-01
676.6290	2.463033e-01
677.0397	2.472004e-01
677.4504	2.481332e-01
677.8609	2.489241e-01
678.2715	2.497876e-01
678.6819	2.507005e-01
679.0923	2.517129e-01
679.5027	2.526652e-01
679.9129	2.536959e-01
680.3232	2.547313e-01
680.7333	2.557814e-01
681.1434	2.568609e-01
681.5535	2.579025e-01
681.9635	2.589161e-01
682.3734	2.600546e-01
682.7833	2.611383e-01
683.1931	2.622862e-01
683.6028	2.634688e-01
684.0125	2.646258e-01
684.4221	2.657520e-01
684.8317	2.670285e-01
685.2412	2.682298e-01
685.6507	2.694701e-01
686.0601	2.706620e-01
686.4694	2.719979e-01
686.8787	2.733402e-01
687.2879	2.744909e-01
687.6971	2.756020e-01
688.1062	2.767926e-01
688.5152	2.779447e-01
688.9242	2.789769e-01
689.3331	2.800679e-01
689.7420	2.811426e-01
690.1508	2.822638e-01
690.5596	2.833541e-01
690.9682	2.843979e-01
691.3769	2.855348e-01
691.7854	2.866443e-01
692.1940	2.876228e-01
692.6024	2.886366e-01
693.0108	2.896886e-01
693.4191	2.909483e-01
693.8274	2.921351e-01
694.2356	2.934591e-01
694.6438	2.947214e-01
695.0519	2.959860e-01
695.4599	2.970593e-01
695.8679	2.981534e-01
696.2758	2.993072e-01
696.6837	3.004939e-01
697.0915	3.016554e-01
697.4992	3.028878e-01
697.9069	3.041929e-01
698.3145	3.054060e-01
698.7221	3.066359e-01
699.1296	3.079061e-01
699.5370	3.090986e-01
699.9444	3.103782e-01
700.3517	3.116324e-01
700.7590	3.129752e-01
701.1662	3.141769e-01
701.5734	3.156098e-01
701.9804	3.167588e-01
702.3875	3.179844e-01
702.7944	3.192972e-01
703.2013	3.205958e-01
703.6082	3.218725e-01
704.0150	3.233121e-01
704.4217	3.249097e-01
704.8284	3.263132e-01
705.2350	3.276361e-01
705.6416	3.290812e-01
706.0481	3.304159e-01
706.4545	3.317249e-01
706.8609	3.330431e-01
707.2672	3.343666e-01
707.6734	3.355966e-01
708.0796	3.369685e-01
708.4858	3.383221e-01
708.8918	3.396513e-01
709.2979	3.410033e-01
709.7038	3.424001e-01
710.1097	3.436893e-01
710.5156	3.451848e-01
710.9213	3.467464e-01
711.3270	3.482246e-01
711.7327	3.497454e-01
712.1383	3.512878e-01
712.5438	3.528652e-01
712.9493	3.543200e-01
713.3548	3.557407e-01
713.7601	3.571764e-01
714.1654	3.587032e-01
714.5707	3.604021e-01
714.9758	3.620139e-01
715.3810	3.636197e-01
715.7860	3.650631e-01
716.1910	3.666275e-01
716.5960	3.681407e-01
717.0009	3.694913e-01
717.4057	3.710587e-01
717.8104	3.724478e-01
718.2151	3.738776e-01
718.6198	3.754142e-01
719.0244	3.767712e-01
719.4289	3.782237e-01
719.8334	3.795656e-01
720.2378	3.809777e-01
720.6421	3.822572e-01
721.0464	3.836693e-01
721.4506	3.848092e-01
721.8548	3.860269e-01
722.2589	3.873843e-01
722.6630	3.887417e-01
723.0669	3.900374e-01
723.4709	3.915699e-01
723.8747	3.931184e-01
724.2785	3.946512e-01
724.6823	3.960652e-01
725.0860	3.974834e-01
725.4896	3.989971e-01
725.8932	4.004618e-01
726.2967	4.020526e-01
726.7001	4.036434e-01
727.1035	4.051381e-01
727.5068	4.066914e-01
727.9101	4.084083e-01
728.3133	4.100636e-01
728.7165	4.116478e-01
729.1195	4.134443e-01
729.5226	4.151630e-01
729.9255	4.169462e-01
730.3284	4.187426e-01
730.7313	4.204380e-01
731.1341	4.222892e-01
731.5368	4.239043e-01
731.9395	4.254126e-01
732.3421	4.269314e-01
732.7446	4.283759e-01
733.1471	4.298691e-01
733.5495	4.313953e-01
733.9519	4.329298e-01
734.3542	4.347013e-01
734.7564	4.363392e-01
735.1586	4.379488e-01
735.5608	4.394789e-01
735.9628	4.412595e-01
736.3648	4.430131e-01
736.7668	4.447922e-01
737.1687	4.465817e-01
737.5705	4.484007e-01
737.9722	4.502765e-01
738.3739	4.522666e-01
738.7756	4.541009e-01
739.1772	4.560426e-01
739.5787	4.577471e-01
739.9802	4.597496e-01
740.3816	4.618203e-01
740.7829	4.637966e-01
741.1842	4.656524e-01
741.5854	4.670366e-01
741.9866	4.686002e-01
742.3877	4.699350e-01
742.7887	4.711955e-01
743.1897	4.722595e-01
743.5906	4.731707e-01
743.9915	4.738851e-01
744.3923	4.744456e-01
744.7930	4.746784e-01
745.1937	4.748822e-01
745.5943	4.748592e-01
745.9948	4.746046e-01
746.3953	4.741603e-01
746.7958	4.736486e-01
747.1962	4.733147e-01
747.5965	4.730890e-01
747.9967	4.726423e-01
748.3969	4.723729e-01
748.7970	4.722578e-01
749.1971	4.720331e-01
749.5971	4.715213e-01
749.9971	4.714316e-01
750.3970	4.712828e-01
750.7968	4.715549e-01
751.1966	4.719824e-01
751.5963	4.724340e-01
751.9959	4.730053e-01
752.3955	4.739608e-01
752.7950	4.748915e-01
753.1945	4.762858e-01
753.5939	4.776908e-01
753.9933	4.793650e-01
754.3926	4.815305e-01
754.7918	4.838725e-01
755.1909	4.864513e-01
755.5900	4.889246e-01
755.9891	4.915170e-01
756.3881	4.943923e-01
756.7870	4.973405e-01
757.1858	5.002832e-01
757.5846	5.033211e-01
757.9834	5.065295e-01
758.3821	5.096859e-01
758.7807	5.129991e-01
759.1792	5.161980e-01
759.5777	5.193106e-01
759.9762	5.227691e-01
760.3745	5.261217e-01
760.7729	5.294603e-01
761.1711	5.329745e-01
761.5693	5.363128e-01
761.9674	5.396596e-01
762.3655	5.431646e-01
762.7635	5.461594e-01
763.1615	5.493772e-01
763.5593	5.524240e-01
763.9572	5.555912e-01
764.3549	5.586248e-01
764.7526	5.615939e-01
765.1503	5.649145e-01
765.5479	5.682693e-01
765.9454	5.714384e-01
766.3429	5.746443e-01
766.7403	5.776793e-01
767.1376	5.806567e-01
767.5349	5.839753e-01
767.9321	5.873351e-01
768.3292	5.905288e-01
768.7263	5.941150e-01
769.1234	5.974611e-01
769.5203	6.005919e-01
769.9173	6.035499e-01
770.3141	6.065330e-01
770.7109	6.094761e-01
771.1076	6.124231e-01
771.5043	6.155000e-01
771.9009	6.187650e-01
772.2974	6.220315e-01
772.6939	6.250395e-01
773.0904	6.280159e-01
773.4867	6.309622e-01
773.8830	6.338840e-01
774.2793	6.367242e-01
774.6754	6.395837e-01
775.0716	6.424292e-01
775.4676	6.451548e-01
775.8636	6.481389e-01
776.2595	6.510756e-01
776.6554	6.542356e-01
777.0512	6.573976e-01
777.4470	6.605504e-01
777.8427	6.637091e-01
778.2383	6.671292e-01
778.6339	6.703801e-01
779.0294	6.734784e-01
779.4248	6.768800e-01
779.8202	6.805858e-01
780.2155	6.843315e-01
780.6108	6.879171e-01
781.0060	6.910850e-01
781.4011	6.946391e-01
781.7962	6.980432e-01
782.1912	7.013385e-01
782.5862	7.045337e-01
782.9811	7.077210e-01
783.3759	7.109732e-01
783.7707	7.144150e-01
784.1654	7.175997e-01
784.5600	7.209715e-01
784.9546	7.244290e-01
785.3491	7.275968e-01
785.7436	7.306377e-01
786.1380	7.337722e-01
786.5323	7.367162e-01
786.9266	7.399998e-01
787.3208	7.432331e-01
787.7150	7.465512e-01
788.1091	7.499476e-01
788.5031	7.533210e-01
788.8971	7.560535e-01
789.2910	7.591898e-01
789.6848	7.623265e-01
790.0786	7.655191e-01
790.4724	7.683773e-01
790.8660	7.718166e-01
791.2596	7.751735e-01
791.6532	7.785434e-01
792.0466	7.819180e-01
792.4401	7.856290e-01
792.8334	7.893188e-01
793.2267	7.927803e-01
793.6199	7.961911e-01
794.0131	7.997006e-01
794.4062	8.032680e-01
794.7993	8.067161e-01
795.1923	8.102450e-01
795.5852	8.135296e-01
795.9781	8.170975e-01
796.3709	8.206755e-01
796.7636	8.240835e-01
797.1563	8.278707e-01
797.5489	8.314105e-01
797.9414	8.348368e-01
798.3339	8.382832e-01
798.7264	8.421168e-01
799.1187	8.456923e-01
799.5110	8.496087e-01
799.9033	8.535302e-01
800.2955	8.573514e-01
800.6876	8.615950e-01
801.0797	8.658367e-01
801.4717	8.697799e-01
801.8636	8.733951e-01
802.2555	8.768364e-01
802.6473	8.804907e-01
803.0390	8.843479e-01
803.4307	8.878813e-01
803.8224	8.916907e-01
804.2139	8.954028e-01
804.6054	8.991174e-01
804.9969	9.030945e-01
805.3882	9.070231e-01
805.7796	9.110875e-01
806.1708	9.154656e-01
806.5620	9.198732e-01
806.9531	9.237932e-01
807.3442	9.282586e-01
807.7352	9.327408e-01
808.1262	9.368974e-01
808.5171	9.411219e-01
808.9079	9.452150e-01
809.2986	9.498385e-01
809.6893	9.537195e-01
810.0800	9.572210e-01
810.4706	9.606015e-01
810.8611	9.644047e-01
811.2515	9.682934e-01
811.6419	9.728259e-01
812.0322	9.765045e-01
812.4225	9.801626e-01
812.8127	9.843659e-01
813.2028	9.893103e-01
813.5929	9.938452e-01
813.9829	9.982740e-01
814.3729	1.002372e+00
814.7628	1.006094e+00
815.1526	1.010725e+00
815.5424	1.014916e+00
815.9321	1.019015e+00
816.3217	1.023135e+00
816.7113	1.027435e+00
817.1008	1.031814e+00
817.4903	1.035077e+00
817.8797	1.038881e+00
818.2690	1.042825e+00
818.6583	1.046856e+00
819.0475	1.050915e+00
819.4366	1.055450e+00
819.8257	1.059868e+00
820.2147	1.064576e+00
820.6037	1.069555e+00
820.9926	1.074430e+00
821.3814	1.078574e+00
821.7702	1.082645e+00
822.1589	1.087434e+00
822.5476	1.092042e+00
822.9361	1.096875e+00
823.3247	1.101622e+00
823.7131	1.106642e+00
824.1015	1.110445e+00
824.4899	1.114060e+00
824.8781	1.118219e+00
825.2663	1.122770e+00
825.6545	1.127872e+00
826.0426	1.132710e+00
826.4306	1.137516e+00
826.8186	1.142546e+00
827.2065	1.147546e+00
827.5943	1.152988e+00
827.9821	1.157939e+00
828.3698	1.162266e+00
828.7574	1.166287e+00
829.1450	1.170280e+00
829.5325	1.174909e+00
829.9200	1.179951e+00
830.3074	1.184749e+00
830.6947	1.189627e+00
831.0820	1.194380e+00
831.4692	1.198831e+00
831.8564	1.203447e+00
832.2435	1.207264e+00
832.6305	1.211632e+00
833.0174	1.216076e+00
833.4043	1.220356e+00
833.7912	1.225003e+00
834.1779	1.229800e+00
834.5647	1.234712e+00
834.9513	1.240105e+00
835.3379	1.244334e+00
835.7244	1.248772e+00
836.1109	1.253178e+00
836.4973	1.258196e+00
836.8836	1.263289e+00
837.2699	1.268417e+00
837.6561	1.273113e+00
838.0422	1.278609e+00
838.4283	1.284279e+00
838.8143	1.289077e+00
839.2003	1.293570e+00
839.5862	1.299027e+00
839.9720	1.304105e+00
840.3578	1.309957e+00
840.7435	1.315521e+00
841.1291	1.321322e+00
841.5147	1.327459e+00
841.9002	1.333179e+00
842.2857	1.338854e+00
842.6711	1.344896e+00
843.0564	1.349582e+00
843.4417	1.354879e+00
843.8269	1.360211e+00
844.2120	1.366317e+00
844.5971	1.372561e+00
844.9821	1.379083e+00
845.3671	1.384906e+00
845.7520	1.390986e+00
846.1368	1.396419e+00
846.5216	1.401515e+00
846.9063	1.407226e+00
847.2909	1.413269e+00
847.6755	1.419554e+00
848.0600	1.425572e+00
848.4445	1.432699e+00
848.8288	1.439237e+00
849.2132	1.445673e+00
849.5974	1.451888e+00
849.9816	1.458441e+00
850.3658	1.465390e+00
850.7498	1.471795e+00
851.1338	1.479071e+00
851.5178	1.486418e+00
851.9017	1.494131e+00
852.2855	1.502150e+00
852.6692	1.510228e+00
853.0529	1.517693e+00
853.4366	1.524938e+00
853.8201	1.532553e+00
854.2036	1.540439e+00
854.5871	1.548809e+00
854.9705	1.556697e+00
855.3538	1.564947e+00
855.7370	1.572636e+00
856.1202	1.580285e+00
856.5033	1.587528e+00
856.8864	1.595738e+00
857.2694	1.603638e+00
857.6523	1.611526e+00
858.0352	1.619197e+00
858.4180	1.627659e+00
858.8008	1.636621e+00
859.1834	1.644813e+00
859.5661	1.652860e+00
859.9486	1.661039e+00
860.3311	1.668579e+00
860.7135	1.676893e+00
861.0959	1.684333e+00
861.4782	1.693641e+00
861.8604	1.703181e+00
862.2426	1.712705e+00
862.6247	1.721610e+00
863.0068	1.731293e+00
863.3888	1.740010e+00
863.7707	1.748674e+00
864.1526	1.757400e+00
864.5344	1.767468e+00
864.9161	1.776911e+00
865.2978	1.787183e+00
865.6794	1.797920e+00
866.0609	1.808698e+00
866.4424	1.819437e+00
866.8238	1.831077e+00
867.2052	1.842109e+00
867.5864	1.852568e+00
867.9677	1.862879e+00
868.3488	1.874156e+00
868.7299	1.884215e+00
869.1110	1.894680e+00
869.4919	1.904815e+00
869.8728	1.913745e+00
870.2537	1.923250e+00
870.6345	1.934449e+00
871.0152	1.944111e+00
871.3958	1.954584e+00
871.7764	1.964805e+00
872.1570	1.975946e+00
872.5374	1.986865e+00
872.9178	1.998737e+00
873.2982	2.010009e+00
873.6784	2.021293e+00
874.0586	2.033625e+00
874.4388	2.044977e+00
874.8189	2.055513e+00
875.1989	2.066135e+00
875.5788	2.077183e+00
875.9587	2.088569e+00
876.3386	2.100194e+00
876.7183	2.112142e+00
877.0980	2.124889e+00
877.4777	2.136892e+00
877.8572	2.149006e+00
878.2367	2.161449e+00
878.6162	2.173508e+00
878.9956	2.187207e+00
879.3749	2.200627e+00
879.7541	2.213919e+00
880.1333	2.227942e+00
880.5124	2.241352e+00
880.8915	2.254686e+00
881.2705	2.269498e+00
881.6494	2.284574e+00
882.0283	2.299304e+00
882.4071	2.314794e+00
882.7859	2.329473e+00
883.1645	2.343971e+00
883.5432	2.357161e+00
883.9217	2.369854e+00
884.3002	2.381608e+00
884.6786	2.392228e+00
885.0570	2.402693e+00
885.4353	2.410963e+00
885.8135	2.418351e+00
886.1917	2.424819e+00
886.5698	2.429294e+00
886.9478	2.430765e+00
887.3258	2.431371e+00
887.7037	2.432269e+00
888.0816	2.431749e+00
888.4593	2.429795e+00
888.8371	2.425924e+00
889.2147	2.421340e+00
889.5923	2.414853e+00
889.9698	2.405622e+00
890.3473	2.395085e+00
890.7247	2.383194e+00
891.1020	2.371616e+00
891.4793	2.357524e+00
891.8565	2.342669e+00
892.2337	2.326567e+00
892.6107	2.309975e+00
892.9878	2.292594e+00
893.3647	2.275796e+00
893.7416	2.257852e+00
894.1184	2.240552e+00
894.4952	2.224532e+00
894.8719	2.210208e+00
895.2485	2.197233e+00
895.6251	2.185718e+00
896.0016	2.175455e+00
896.3780	2.166894e+00
896.7544	2.160986e+00
897.1307	2.156686e+00
897.5069	2.154407e+00
897.8831	2.154310e+00
898.2592	2.157418e+00
898.6353	2.163145e+00
899.0113	2.171710e+00
899.3872	2.184578e+00
899.7631	2.200477e+00
900.1389	2.219150e+00
900.5146	2.241153e+00
900.8903	2.265461e+00
901.2659	2.291856e+00
901.6414	2.322634e+00
902.0169	2.356114e+00
902.3923	2.392286e+00
902.7676	2.429777e+00
903.1429	2.470087e+00
903.5181	2.511577e+00
903.8933	2.553711e+00
904.2684	2.597276e+00
904.6434	2.642168e+00
905.0183	2.688710e+00
905.3932	2.736832e+00
905.7681	2.787662e+00
906.1428	2.836894e+00
906.5175	2.887109e+00
906.8922	2.936959e+00
907.2667	2.985536e+00
907.6413	3.033251e+00
908.0157	3.082300e+00
908.3901	3.131690e+00
908.7644	3.180392e+00
909.1386	3.228126e+00
909.5128	3.274505e+00
909.8870	3.321387e+00
910.2610	3.367973e+00
910.6350	3.414806e+00
911.0089	3.460063e+00
911.3828	3.506147e+00
911.7566	3.552288e+00
912.1303	3.596312e+00
912.5040	3.640618e+00
912.8776	3.684070e+00
913.2511	3.728217e+00
913.6246	3.771249e+00
913.9980	3.814211e+00
914.3714	3.857336e+00
914.7446	3.900635e+00
915.1179	3.944105e+00
915.4910	3.986394e+00
915.8641	4.027892e+00
916.2371	4.069235e+00
916.6101	4.111665e+00
916.9830	4.151220e+00
917.3558	4.191605e+00
917.7286	4.231048e+00
918.1013	4.269850e+00
918.4739	4.310682e+00
918.8465	4.350067e+00
919.2190	4.388797e+00
919.5914	4.426320e+00
919.9638	4.467623e+00
920.3361	4.507051e+00
920.7083	4.548442e+00
921.0805	4.589950e+00
921.4526	4.631749e+00
921.8247	4.672184e+00
922.1967	4.714148e+00
922.5686	4.757609e+00
922.9405	4.798931e+00
923.3122	4.838624e+00
923.6840	4.875849e+00
924.0556	4.916438e+00
924.4272	4.955569e+00
924.7988	4.999258e+00
925.1702	5.038206e+00
925.5416	5.081035e+00
925.9130	5.122573e+00
926.2842	5.163698e+00
926.6554	5.204189e+00
927.0266	5.244831e+00
927.3977	5.290166e+00
927.7687	5.334936e+00
928.1396	5.384039e+00
928.5105	5.433534e+00
928.8813	5.484793e+00
929.2521	5.537584e+00
929.6228	5.590439e+00
929.9934	5.644194e+00
930.3639	5.696529e+00
930.7344	5.749365e+00
931.1049	5.803518e+00
931.4752	5.860298e+00
931.8455	5.910655e+00
932.2157	5.966788e+00
932.5859	6.021412e+00
932.9560	6.079497e+00
933.3260	6.136229e+00
933.6960	6.196667e+00
934.0659	6.255103e+00
934.4358	6.314549e+00
934.8055	6.375889e+00
935.1752	6.439954e+00
935.5449	6.504331e+00
935.9145	6.567575e+00
936.2840	6.629793e+00
936.6534	6.688240e+00
937.0228	6.746294e+00
937.3921	6.806359e+00
937.7614	6.865957e+00
938.1306	6.924364e+00
938.4997	6.979851e+00
938.8688	7.034741e+00
939.2378	7.086893e+00
939.6067	7.138127e+00
939.9755	7.188419e+00
940.3443	7.239587e+00
940.7131	7.288419e+00
941.0817	7.333623e+00
941.4503	7.379636e+00
941.8189	7.427785e+00
942.1873	7.477269e+00
942.5557	7.525906e+00
942.9241	7.569479e+00
943.2924	7.616921e+00
943.6606	7.667826e+00
944.0287	7.713155e+00
944.3968	7.760749e+00
944.7648	7.809472e+00
945.1327	7.860424e+00
945.5006	7.917484e+00
945.8684	7.977180e+00
946.2362	8.037838e+00
946.6039	8.101749e+00
946.9715	8.160408e+00
947.3390	8.221814e+00
947.7065	8.285629e+00
948.0739	8.344287e+00
948.4413	8.408660e+00
948.8086	8.475966e+00
949.1758	8.545074e+00
949.5430	8.620029e+00
949.9101	8.694055e+00
950.2771	8.767273e+00
950.6441	8.842838e+00
951.0110	8.915810e+00
951.3778	8.990560e+00
951.7446	9.072645e+00
952.1113	9.153984e+00
952.4779	9.241606e+00
952.8445	9.325459e+00
953.2110	9.407669e+00
953.5774	9.486958e+00
953.9438	9.570081e+00
954.3101	9.649286e+00
954.6763	9.735137e+00
955.0425	9.820605e+00
955.4086	9.901033e+00
955.7747	9.992586e+00
956.1406	1.008451e+01
956.5065	1.018030e+01
956.8724	1.027493e+01
957.2382	1.036777e+01
957.6039	1.046136e+01
957.9695	1.056284e+01
958.3351	1.065951e+01
958.7006	1.075484e+01
959.0661	1.085274e+01
959.4315	1.095422e+01
959.7968	1.105897e+01
960.1620	1.115869e+01
960.5272	1.125560e+01
960.8924	1.135377e+01
961.2574	1.145796e+01
961.6224	1.155728e+01
961.9873	1.166007e+01
962.3522	1.177080e+01
962.7170	1.187875e+01
963.0817	1.199262e+01
963.4464	1.210789e+01
963.8110	1.221651e+01
964.1755	1.233224e+01
964.5399	1.244462e+01
964.9043	1.255746e+01
965.2687	1.267915e+01
965.6329	1.279878e+01
965.9971	1.292276e+01
966.3613	1.304945e+01
966.7253	1.318206e+01
967.0893	1.331164e+01
967.4533	1.343760e+01
967.8171	1.355892e+01
968.1809	1.369208e+01
968.5447	1.382331e+01
968.9084	1.395377e+01
969.2720	1.408619e+01
969.6355	1.421736e+01
969.9990	1.434405e+01
970.3624	1.448734e+01
970.7257	1.461734e+01
971.0890	1.474959e+01
971.4522	1.490193e+01
971.8153	1.504949e+01
972.1784	1.520865e+01
972.5414	1.536495e+01
972.9044	1.552453e+01
973.2672	1.569161e+01
973.6301	1.585606e+01
973.9928	1.602462e+01
974.3555	1.618291e+01
974.7181	1.634974e+01
975.0806	1.651838e+01
975.4431	1.668291e+01
975.8055	1.684067e+01
976.1679	1.700285e+01
976.5302	1.717197e+01
976.8924	1.734075e+01
977.2545	1.751498e+01
977.6166	1.768862e+01
977.9786	1.784935e+01
978.3406	1.801819e+01
978.7024	1.820138e+01
979.0643	1.838301e+01
979.4260	1.856891e+01
979.7877	1.876770e+01
980.1493	1.897543e+01
980.5109	1.917488e+01
980.8723	1.937098e+01
981.2338	1.957631e+01
981.5951	1.978541e+01
981.9564	1.999875e+01
982.3176	2.020662e+01
982.6788	2.042886e+01
983.0399	2.064926e+01
983.4009	2.088342e+01
983.7618	2.111931e+01
984.1227	2.134632e+01
984.4835	2.157699e+01
984.8443	2.180308e+01
985.2050	2.202715e+01
985.5656	2.226129e+01
985.9261	2.250415e+01
986.2866	2.274541e+01
986.6471	2.298151e+01
987.0074	2.324293e+01
987.3677	2.349823e+01
987.7279	2.374966e+01
988.0881	2.401606e+01
988.4482	2.429743e+01
988.8082	2.458003e+01
989.1681	2.487071e+01
989.5280	2.515823e+01
989.8878	2.546139e+01
990.2476	2.574182e+01
990.6073	2.606162e+01
990.9669	2.637028e+01
991.3265	2.666708e+01
991.6860	2.697013e+01
992.0454	2.726317e+01
992.4047	2.754511e+01
992.7640	2.787253e+01
993.1232	2.819063e+01
993.4824	2.854032e+01
993.8415	2.886951e+01
994.2005	2.920062e+01
994.5594	2.951365e+01
994.9183	2.984836e+01
995.2772	3.019993e+01
995.6359	3.056340e+01
995.9946	3.092365e+01
996.3532	3.130494e+01
996.7118	3.166630e+01
997.0703	3.205922e+01
997.4287	3.245473e+01
997.7870	3.285530e+01
998.1453	3.325911e+01
998.5035	3.367553e+01
998.8617	3.409177e+01
999.2198	3.447541e+01
999.5778	3.489226e+01
999.9357	3.536797e+01
1000.2936	3.581818e+01
1000.6514	3.628345e+01
1001.0092	3.672541e+01
1001.3669	3.715808e+01
1001.7245	3.760929e+01
1002.0820	3.807908e+01
1002.4395	3.854207e+01
1002.7969	3.898684e+01
1003.1543	3.945307e+01
1003.5116	3.993168e+01
1003.8688	4.039130e+01
1004.2259	4.084775e+01
1004.5830	4.131998e+01
1004.9400	4.179661e+01
1005.2970	4.232911e+01
1005.6538	4.287465e+01
1006.0107	4.341297e+01
1006.3674	4.392866e+01
1006.7241	4.451209e+01
1007.0807	4.506965e+01
1007.4372	4.561306e+01
1007.7937	4.622408e+01
1008.1501	4.684443e+01
1008.5065	4.745331e+01
1008.8627	4.814995e+01
1009.2189	4.885769e+01
1009.5751	4.953949e+01
1009.9312	5.020966e+01
1010.2872	5.087096e+01
1010.6431	5.151540e+01
1010.9990	5.222812e+01
1011.3548	5.291507e+01
1011.7105	5.362970e+01
1012.0662	5.435801e+01
1012.4218	5.508216e+01
1012.7773	5.584791e+01
1013.1328	5.656553e+01
1013.4882	5.728305e+01
1013.8435	5.802676e+01
1014.1988	5.875575e+01
1014.5540	5.949665e+01
1014.9091	6.025912e+01
1015.2642	6.104866e+01
1015.6192	6.184921e+01
1015.9741	6.272824e+01
1016.3290	6.355440e+01
1016.6838	6.435727e+01
1017.0385	6.521778e+01
1017.3932	6.602722e+01
1017.7478	6.697283e+01
1018.1023	6.801878e+01
1018.4567	6.899480e+01
1018.8111	7.005015e+01
1019.1655	7.115750e+01
1019.5197	7.229800e+01
1019.8739	7.350716e+01
1020.2280	7.476998e+01
1020.5821	7.606705e+01
1020.9361	7.736199e+01
1021.2900	7.869947e+01
1021.6438	8.001138e+01
1021.9976	8.132425e+01
1022.3513	8.274123e+01
1022.7050	8.415683e+01
1023.0586	8.551333e+01
1023.4121	8.667439e+01
1023.7655	8.794789e+01
1024.1189	8.916163e+01
1024.4722	9.029535e+01
1024.8254	9.153956e+01
1025.1786	9.269147e+01
1025.5317	9.379619e+01
1025.8848	9.509805e+01
1026.2377	9.632562e+01
1026.5906	9.766488e+01
1026.9435	9.898969e+01
1027.2963	1.005071e+02
1027.6490	1.020183e+02
1028.0016	1.036013e+02
1028.3542	1.050924e+02
1028.7067	1.065926e+02
1029.0591	1.080667e+02
1029.4115	1.095642e+02
1029.7637	1.111230e+02
1030.1160	1.127147e+02
1030.4681	1.143131e+02
1030.8202	1.159054e+02
1031.1723	1.174772e+02
1031.5242	1.190662e+02
