# Python obtained correction file for Flame1, contains the irradiance calibration
# LS-1-CAL
# Wavelength(nm)	Corr.Factor
192.3457	-0.000000e+00
192.8152	0.000000e+00
193.2845	0.000000e+00
193.7539	0.000000e+00
194.2231	0.000000e+00
194.6924	0.000000e+00
195.1616	0.000000e+00
195.6307	1.151428e+00
196.0998	1.034450e+00
196.5688	9.498797e-01
197.0378	8.885275e-01
197.5068	8.475751e-01
197.9757	8.315786e-01
198.4445	8.394706e-01
198.9133	8.623320e-01
199.3821	8.610128e-01
199.8508	8.638743e-01
200.3194	8.734887e-01
200.7881	8.906170e-01
201.2566	9.126506e-01
201.7251	9.432571e-01
202.1936	9.777489e-01
202.6620	1.017921e+00
203.1304	1.056879e+00
203.5987	1.084123e+00
204.0670	1.101492e+00
204.5352	1.108966e+00
205.0033	1.101402e+00
205.4715	1.095704e+00
205.9395	1.094524e+00
206.4076	1.087677e+00
206.8756	1.074896e+00
207.3435	1.060203e+00
207.8114	1.043955e+00
208.2792	1.016807e+00
208.7470	9.875642e-01
209.2147	9.600588e-01
209.6824	9.417246e-01
210.1500	9.237164e-01
210.6176	8.993684e-01
211.0852	8.775201e-01
211.5527	8.567091e-01
212.0201	8.423280e-01
212.4875	8.270725e-01
212.9549	8.084963e-01
213.4222	7.946312e-01
213.8894	7.837686e-01
214.3566	7.677810e-01
214.8238	7.556740e-01
215.2909	7.451044e-01
215.7579	7.316848e-01
216.2249	7.201818e-01
216.6919	7.097176e-01
217.1588	6.923551e-01
217.6257	6.665794e-01
218.0925	6.538868e-01
218.5592	6.433988e-01
219.0260	6.273494e-01
219.4926	6.146440e-01
219.9592	6.086274e-01
220.4258	6.037251e-01
220.8923	5.963398e-01
221.3588	5.897798e-01
221.8252	5.836208e-01
222.2916	5.758599e-01
222.7579	5.683251e-01
223.2242	5.595034e-01
223.6904	5.528707e-01
224.1566	5.509028e-01
224.6227	5.492473e-01
225.0888	5.438476e-01
225.5548	5.353396e-01
226.0208	5.253813e-01
226.4868	5.143699e-01
226.9526	5.051113e-01
227.4185	5.018624e-01
227.8843	4.975090e-01
228.3500	4.888082e-01
228.8157	4.803913e-01
229.2813	4.730986e-01
229.7469	4.643902e-01
230.2125	4.544753e-01
230.6780	4.459628e-01
231.1434	4.402566e-01
231.6088	4.341906e-01
232.0742	4.266668e-01
232.5395	4.225169e-01
233.0047	4.190504e-01
233.4699	4.109086e-01
233.9351	4.040610e-01
234.4002	3.988622e-01
234.8652	3.926027e-01
235.3302	3.864555e-01
235.7952	3.809295e-01
236.2601	3.766033e-01
236.7249	3.744085e-01
237.1897	3.735978e-01
237.6545	3.701641e-01
238.1192	3.655174e-01
238.5839	3.619744e-01
239.0485	3.596781e-01
239.5130	3.575898e-01
239.9776	3.537269e-01
240.4420	3.473145e-01
240.9064	3.428024e-01
241.3708	3.386032e-01
241.8351	3.326706e-01
242.2994	3.275947e-01
242.7636	3.217034e-01
243.2278	3.183353e-01
243.6919	3.157628e-01
244.1560	3.104319e-01
244.6200	3.093952e-01
245.0839	3.126845e-01
245.5479	3.123112e-01
246.0117	3.110777e-01
246.4756	3.142152e-01
246.9393	3.151970e-01
247.4031	3.139704e-01
247.8667	3.116321e-01
248.3304	3.093141e-01
248.7939	3.040195e-01
249.2575	2.995901e-01
249.7209	2.966143e-01
250.1844	2.942581e-01
250.6478	2.938643e-01
251.1111	2.934059e-01
251.5744	2.930739e-01
252.0376	2.909607e-01
252.5008	2.928000e-01
252.9639	2.929994e-01
253.4270	2.894706e-01
253.8900	2.875481e-01
254.3530	2.865978e-01
254.8159	2.856287e-01
255.2788	2.836217e-01
255.7417	2.815386e-01
256.2045	2.787309e-01
256.6672	2.757489e-01
257.1299	2.724661e-01
257.5925	2.717699e-01
258.0551	2.713060e-01
258.5176	2.724976e-01
258.9801	2.737099e-01
259.4426	2.740444e-01
259.9050	2.753825e-01
260.3673	2.763687e-01
260.8296	2.753000e-01
261.2918	2.750257e-01
261.7540	2.762538e-01
262.2162	2.752347e-01
262.6783	2.735806e-01
263.1403	2.722994e-01
263.6023	2.708663e-01
264.0642	2.700620e-01
264.5261	2.692373e-01
264.9880	2.694736e-01
265.4498	2.719041e-01
265.9115	2.761106e-01
266.3732	2.820795e-01
266.8349	2.846838e-01
267.2965	2.861983e-01
267.7580	2.905987e-01
268.2195	2.922392e-01
268.6809	2.924115e-01
269.1423	2.945781e-01
269.6037	2.982687e-01
270.0650	3.008194e-01
270.5262	3.037680e-01
270.9874	3.058731e-01
271.4486	3.080153e-01
271.9097	3.098377e-01
272.3707	3.118177e-01
272.8317	3.157705e-01
273.2927	3.201124e-01
273.7536	3.211774e-01
274.2144	3.224306e-01
274.6752	3.237137e-01
275.1360	3.246664e-01
275.5967	3.259181e-01
276.0573	3.236573e-01
276.5179	3.217023e-01
276.9785	3.182004e-01
277.4390	3.154000e-01
277.8994	3.146838e-01
278.3598	3.139830e-01
278.8202	3.132651e-01
279.2805	3.120038e-01
279.7407	3.106769e-01
280.2009	3.119234e-01
280.6611	3.134899e-01
281.1212	3.140525e-01
281.5812	3.141806e-01
282.0412	3.127659e-01
282.5011	3.104731e-01
282.9610	3.108555e-01
283.4209	3.110235e-01
283.8807	3.092283e-01
284.3404	3.077185e-01
284.8001	3.070663e-01
285.2598	3.054807e-01
285.7194	3.045827e-01
286.1789	3.036401e-01
286.6384	3.039300e-01
287.0979	3.045825e-01
287.5573	3.037696e-01
288.0166	3.018427e-01
288.4759	2.995217e-01
288.9352	2.956582e-01
289.3944	2.936658e-01
289.8535	2.919137e-01
290.3126	2.907228e-01
290.7717	2.893602e-01
291.2307	2.878218e-01
291.6896	2.843025e-01
292.1485	2.797518e-01
292.6073	2.776102e-01
293.0661	2.763082e-01
293.5249	2.749109e-01
293.9836	2.741550e-01
294.4422	2.756953e-01
294.9008	2.774530e-01
295.3594	2.795759e-01
295.8179	2.803336e-01
296.2763	2.796102e-01
296.7347	2.777173e-01
297.1930	2.766095e-01
297.6513	2.762451e-01
298.1096	2.785761e-01
298.5678	2.833266e-01
299.0259	2.882871e-01
299.4840	2.924208e-01
299.9420	2.945762e-01
300.4000	2.964954e-01
300.8580	2.982165e-01
301.3159	3.005133e-01
301.7737	3.035741e-01
302.2315	3.064519e-01
302.6892	3.081868e-01
303.1469	3.098212e-01
303.6045	3.128994e-01
304.0621	3.150168e-01
304.5197	3.174774e-01
304.9772	3.203417e-01
305.4346	3.236952e-01
305.8920	3.258121e-01
306.3493	3.269318e-01
306.8066	3.268600e-01
307.2638	3.297243e-01
307.7210	3.320453e-01
308.1781	3.335385e-01
308.6352	3.368713e-01
309.0922	3.394196e-01
309.5492	3.427580e-01
310.0062	3.458727e-01
310.4630	3.485147e-01
310.9199	3.527110e-01
311.3766	3.571256e-01
311.8334	3.599501e-01
312.2900	3.629988e-01
312.7467	3.672650e-01
313.2032	3.740558e-01
313.6598	3.840449e-01
314.1162	3.924211e-01
314.5727	3.976631e-01
315.0290	3.973226e-01
315.4853	4.006086e-01
315.9416	4.070038e-01
316.3978	4.130903e-01
316.8540	4.182611e-01
317.3101	4.259716e-01
317.7662	4.328416e-01
318.2222	4.381848e-01
318.6782	4.447282e-01
319.1341	4.516666e-01
319.5899	4.590350e-01
320.0458	4.671168e-01
320.5015	4.736870e-01
320.9572	4.783509e-01
321.4129	4.826195e-01
321.8685	4.879039e-01
322.3241	4.929654e-01
322.7796	4.989540e-01
323.2350	5.022469e-01
323.6904	5.056488e-01
324.1458	5.094535e-01
324.6011	5.165672e-01
325.0563	5.246833e-01
325.5115	5.309852e-01
325.9667	5.374562e-01
326.4218	5.460710e-01
326.8768	5.516871e-01
327.3318	5.560659e-01
327.7868	5.651251e-01
328.2417	5.738586e-01
328.6965	5.830324e-01
329.1513	5.903227e-01
329.6061	5.971571e-01
330.0608	6.077845e-01
330.5154	6.194461e-01
330.9700	6.296396e-01
331.4245	6.391851e-01
331.8790	6.503758e-01
332.3335	6.634529e-01
332.7878	6.760833e-01
333.2422	6.873695e-01
333.6965	7.013025e-01
334.1507	7.131528e-01
334.6049	7.265071e-01
335.0590	7.407183e-01
335.5131	7.522991e-01
335.9671	7.661665e-01
336.4211	7.785042e-01
336.8750	7.916603e-01
337.3289	8.031354e-01
337.7827	8.186873e-01
338.2365	8.334764e-01
338.6902	8.474696e-01
339.1439	8.577997e-01
339.5975	8.671887e-01
340.0510	8.751636e-01
340.5046	8.852312e-01
340.9580	8.954322e-01
341.4114	9.104140e-01
341.8648	9.198480e-01
342.3181	9.283952e-01
342.7714	9.439869e-01
343.2246	9.593525e-01
343.6777	9.746484e-01
344.1308	9.868664e-01
344.5839	9.992372e-01
345.0369	1.019707e+00
345.4898	1.040422e+00
345.9427	1.055391e+00
346.3956	1.069345e+00
346.8484	1.085057e+00
347.3011	1.100943e+00
347.7538	1.114653e+00
348.2065	1.129316e+00
348.6590	1.142639e+00
349.1116	1.154750e+00
349.5641	1.170273e+00
350.0165	1.189628e+00
350.4689	1.208859e+00
350.9212	1.221077e+00
351.3735	1.241835e+00
351.8257	1.266375e+00
352.2779	1.288856e+00
352.7300	1.311804e+00
353.1821	1.332828e+00
353.6341	1.355545e+00
354.0861	1.375966e+00
354.5380	1.393662e+00
354.9899	1.392061e+00
355.4417	1.380834e+00
355.8935	1.387885e+00
356.3452	1.412719e+00
356.7969	1.432960e+00
357.2485	1.455775e+00
357.7000	1.471983e+00
358.1515	1.486507e+00
358.6030	1.501776e+00
359.0544	1.521019e+00
359.5058	1.537059e+00
359.9571	1.555033e+00
360.4083	1.583203e+00
360.8595	1.611384e+00
361.3107	1.632269e+00
361.7617	1.657930e+00
362.2128	1.687704e+00
362.6638	1.715502e+00
363.1147	1.733689e+00
363.5656	1.758253e+00
364.0164	1.779837e+00
364.4672	1.804191e+00
364.9180	1.825097e+00
365.3686	1.848572e+00
365.8193	1.862124e+00
366.2698	1.877744e+00
366.7204	1.895412e+00
367.1708	1.919738e+00
367.6213	1.942806e+00
368.0716	1.966910e+00
368.5219	1.990763e+00
368.9722	2.015516e+00
369.4224	2.048947e+00
369.8726	2.072945e+00
370.3227	2.087894e+00
370.7728	2.103457e+00
371.2228	2.128800e+00
371.6727	2.155934e+00
372.1226	2.177750e+00
372.5725	2.197259e+00
373.0223	2.219933e+00
373.4720	2.251003e+00
373.9217	2.274544e+00
374.3713	2.301529e+00
374.8209	2.328738e+00
375.2705	2.362813e+00
375.7200	2.387989e+00
376.1694	2.406760e+00
376.6188	2.426717e+00
377.0681	2.457084e+00
377.5174	2.478324e+00
377.9666	2.494985e+00
378.4158	2.511222e+00
378.8649	2.525592e+00
379.3140	2.541790e+00
379.7630	2.556826e+00
380.2120	2.575826e+00
380.6609	2.590705e+00
381.1097	2.592706e+00
381.5585	2.596716e+00
382.0073	2.602409e+00
382.4560	2.601546e+00
382.9046	2.582756e+00
383.3532	2.563505e+00
383.8018	2.532933e+00
384.2503	2.494619e+00
384.6987	2.435461e+00
385.1471	2.357525e+00
385.5955	2.273497e+00
386.0438	2.182103e+00
386.4920	2.082853e+00
386.9402	1.982128e+00
387.3883	1.872423e+00
387.8364	1.761763e+00
388.2844	1.650829e+00
388.7324	1.541147e+00
389.1803	1.434721e+00
389.6282	1.337080e+00
390.0760	1.243656e+00
390.5237	1.155689e+00
390.9715	1.076128e+00
391.4191	1.004002e+00
391.8667	9.376768e-01
392.3143	8.780948e-01
392.7618	8.228774e-01
393.2092	7.720186e-01
393.6566	7.256933e-01
394.1040	6.829855e-01
394.5513	6.448790e-01
394.9985	6.112856e-01
395.4457	5.803716e-01
395.8928	5.521589e-01
396.3399	5.264336e-01
396.7869	5.033357e-01
397.2339	4.826513e-01
397.6808	4.635698e-01
398.1277	4.456749e-01
398.5745	4.302218e-01
399.0213	4.158223e-01
399.4680	4.020049e-01
399.9147	3.898657e-01
400.3613	3.787791e-01
400.8078	3.685763e-01
401.2543	3.590693e-01
401.7008	3.504761e-01
402.1472	3.422551e-01
402.5935	3.344166e-01
403.0398	3.274912e-01
403.4861	3.211409e-01
403.9323	3.143319e-01
404.3784	3.078737e-01
404.8245	3.020832e-01
405.2705	2.965755e-01
405.7165	2.911847e-01
406.1624	2.860749e-01
406.6083	2.812378e-01
407.0541	2.763356e-01
407.4999	2.718999e-01
407.9456	2.678861e-01
408.3912	2.639204e-01
408.8369	2.602098e-01
409.2824	2.566571e-01
409.7279	2.539381e-01
410.1734	2.515069e-01
410.6188	2.491699e-01
411.0641	2.470728e-01
411.5094	2.452825e-01
411.9546	2.439058e-01
412.3998	2.425170e-01
412.8450	2.411917e-01
413.2900	2.401651e-01
413.7351	2.391190e-01
414.1800	2.385174e-01
414.6250	2.379097e-01
415.0698	2.373025e-01
415.5147	2.365555e-01
415.9594	2.359414e-01
416.4041	2.356042e-01
416.8488	2.353138e-01
417.2934	2.349191e-01
417.7379	2.345597e-01
418.1824	2.341669e-01
418.6269	2.336475e-01
419.0713	2.330095e-01
419.5156	2.325474e-01
419.9599	2.320236e-01
420.4041	2.315587e-01
420.8483	2.310682e-01
421.2925	2.303914e-01
421.7365	2.295482e-01
422.1806	2.289833e-01
422.6245	2.281632e-01
423.0684	2.272334e-01
423.5123	2.264294e-01
423.9561	2.254445e-01
424.3999	2.243644e-01
424.8436	2.234492e-01
425.2872	2.227701e-01
425.7308	2.217858e-01
426.1744	2.204658e-01
426.6179	2.192750e-01
427.0613	2.179999e-01
427.5047	2.166780e-01
427.9480	2.154722e-01
428.3913	2.142337e-01
428.8345	2.130192e-01
429.2777	2.120755e-01
429.7208	2.111767e-01
430.1639	2.100010e-01
430.6069	2.088074e-01
431.0498	2.076475e-01
431.4928	2.064066e-01
431.9356	2.054503e-01
432.3784	2.042687e-01
432.8212	2.031434e-01
433.2638	2.019922e-01
433.7065	2.010508e-01
434.1491	2.002986e-01
434.5916	1.994619e-01
435.0341	1.985371e-01
435.4765	1.977991e-01
435.9189	1.970969e-01
436.3612	1.965371e-01
436.8035	1.960419e-01
437.2457	1.957789e-01
437.6878	1.954228e-01
438.1300	1.952668e-01
438.5720	1.949914e-01
439.0140	1.945233e-01
439.4560	1.941554e-01
439.8978	1.937414e-01
440.3397	1.937219e-01
440.7815	1.935500e-01
441.2232	1.930366e-01
441.6649	1.929794e-01
442.1065	1.929844e-01
442.5481	1.929476e-01
442.9896	1.928703e-01
443.4311	1.929254e-01
443.8725	1.931034e-01
444.3138	1.936492e-01
444.7551	1.937049e-01
445.1964	1.937442e-01
445.6376	1.940545e-01
446.0787	1.942493e-01
446.5198	1.938854e-01
446.9609	1.937724e-01
447.4018	1.935212e-01
447.8428	1.932645e-01
448.2836	1.929944e-01
448.7245	1.925422e-01
449.1652	1.921039e-01
449.6060	1.915104e-01
450.0466	1.909894e-01
450.4872	1.901290e-01
450.9278	1.893804e-01
451.3683	1.887230e-01
451.8087	1.880697e-01
452.2491	1.870619e-01
452.6895	1.857599e-01
453.1297	1.848445e-01
453.5700	1.835018e-01
454.0102	1.822776e-01
454.4503	1.809501e-01
454.8904	1.792948e-01
455.3304	1.778708e-01
455.7703	1.766107e-01
456.2102	1.750037e-01
456.6501	1.734319e-01
457.0899	1.722051e-01
457.5296	1.707618e-01
457.9693	1.693307e-01
458.4090	1.681080e-01
458.8486	1.670161e-01
459.2881	1.659887e-01
459.7276	1.650025e-01
460.1670	1.637747e-01
460.6064	1.625718e-01
461.0457	1.616562e-01
461.4850	1.607085e-01
461.9242	1.597197e-01
462.3633	1.587977e-01
462.8024	1.580788e-01
463.2415	1.572703e-01
463.6805	1.564020e-01
464.1194	1.556143e-01
464.5583	1.547793e-01
464.9971	1.539697e-01
465.4359	1.532254e-01
465.8746	1.525361e-01
466.3133	1.516584e-01
466.7519	1.507311e-01
467.1905	1.497092e-01
467.6290	1.485888e-01
468.0674	1.476191e-01
468.5058	1.466737e-01
468.9442	1.456807e-01
469.3825	1.444921e-01
469.8207	1.432647e-01
470.2589	1.420081e-01
470.6970	1.407659e-01
471.1351	1.393773e-01
471.5731	1.378390e-01
472.0111	1.364441e-01
472.4490	1.351509e-01
472.8869	1.337123e-01
473.3247	1.322734e-01
473.7624	1.307922e-01
474.2001	1.292779e-01
474.6378	1.277464e-01
475.0753	1.261644e-01
475.5129	1.246682e-01
475.9504	1.232343e-01
476.3878	1.218935e-01
476.8252	1.205231e-01
477.2625	1.191140e-01
477.6997	1.177368e-01
478.1369	1.163752e-01
478.5741	1.149962e-01
479.0112	1.137348e-01
479.4482	1.124967e-01
479.8852	1.112480e-01
480.3222	1.100353e-01
480.7590	1.088813e-01
481.1959	1.077957e-01
481.6327	1.067225e-01
482.0694	1.056995e-01
482.5060	1.047042e-01
482.9426	1.038153e-01
483.3792	1.029846e-01
483.8157	1.021714e-01
484.2522	1.013214e-01
484.6885	1.004709e-01
485.1249	9.973753e-02
485.5612	9.899574e-02
485.9974	9.828779e-02
486.4336	9.762774e-02
486.8697	9.699815e-02
487.3058	9.635200e-02
487.7418	9.576059e-02
488.1777	9.513790e-02
488.6136	9.456948e-02
489.0495	9.410774e-02
489.4853	9.363002e-02
489.9210	9.318551e-02
490.3567	9.275521e-02
490.7923	9.237340e-02
491.2279	9.200198e-02
491.6634	9.169659e-02
492.0989	9.141534e-02
492.5343	9.109086e-02
492.9697	9.081958e-02
493.4050	9.059711e-02
493.8402	9.041168e-02
494.2754	9.023893e-02
494.7106	9.006721e-02
495.1456	8.993008e-02
495.5807	8.975483e-02
496.0156	8.963534e-02
496.4506	8.953423e-02
496.8854	8.942384e-02
497.3202	8.926557e-02
497.7550	8.919765e-02
498.1897	8.910029e-02
498.6243	8.897916e-02
499.0589	8.888339e-02
499.4935	8.880112e-02
499.9280	8.873989e-02
500.3624	8.872868e-02
500.7968	8.868774e-02
501.2311	8.862866e-02
501.6653	8.856691e-02
502.0996	8.852459e-02
502.5337	8.848498e-02
502.9678	8.841842e-02
503.4018	8.834632e-02
503.8358	8.825639e-02
504.2698	8.815420e-02
504.7037	8.800716e-02
505.1375	8.788292e-02
505.5712	8.781084e-02
506.0050	8.774338e-02
506.4386	8.774244e-02
506.8722	8.774445e-02
507.3058	8.772252e-02
507.7393	8.776190e-02
508.1727	8.782486e-02
508.6061	8.790617e-02
509.0394	8.796440e-02
509.4727	8.800055e-02
509.9059	8.802904e-02
510.3391	8.808994e-02
510.7722	8.818418e-02
511.2053	8.825087e-02
511.6383	8.827344e-02
512.0712	8.828154e-02
512.5041	8.828147e-02
512.9369	8.835316e-02
513.3697	8.836595e-02
513.8024	8.834985e-02
514.2351	8.836995e-02
514.6677	8.838257e-02
515.1003	8.836591e-02
515.5328	8.832255e-02
515.9653	8.827642e-02
516.3976	8.829456e-02
516.8300	8.830925e-02
517.2623	8.830258e-02
517.6945	8.824517e-02
518.1267	8.816901e-02
518.5588	8.805985e-02
518.9909	8.798440e-02
519.4229	8.797334e-02
519.8548	8.799223e-02
520.2867	8.803127e-02
520.7186	8.807497e-02
521.1504	8.812836e-02
521.5821	8.820911e-02
522.0138	8.825818e-02
522.4454	8.830969e-02
522.8770	8.837827e-02
523.3085	8.845058e-02
523.7399	8.853068e-02
524.1713	8.858794e-02
524.6027	8.865452e-02
525.0340	8.877192e-02
525.4652	8.890736e-02
525.8964	8.903842e-02
526.3275	8.914091e-02
526.7586	8.923561e-02
527.1896	8.935693e-02
527.6205	8.950547e-02
528.0515	8.970462e-02
528.4823	8.987450e-02
528.9131	9.006429e-02
529.3438	9.027663e-02
529.7745	9.047318e-02
530.2051	9.064216e-02
530.6357	9.081419e-02
531.0662	9.110223e-02
531.4967	9.137211e-02
531.9271	9.161606e-02
532.3574	9.178979e-02
532.7877	9.197622e-02
533.2180	9.215555e-02
533.6482	9.232016e-02
534.0783	9.253618e-02
534.5084	9.278989e-02
534.9384	9.306191e-02
535.3683	9.325188e-02
535.7982	9.345448e-02
536.2281	9.367036e-02
536.6579	9.390268e-02
537.0876	9.405677e-02
537.5173	9.428131e-02
537.9469	9.453912e-02
538.3765	9.473943e-02
538.8060	9.496177e-02
539.2355	9.517958e-02
539.6649	9.543461e-02
540.0942	9.567324e-02
540.5235	9.589644e-02
540.9528	9.611562e-02
541.3819	9.632397e-02
541.8111	9.650825e-02
542.2401	9.673354e-02
542.6692	9.697308e-02
543.0981	9.716692e-02
543.5270	9.736028e-02
543.9559	9.756189e-02
544.3847	9.775958e-02
544.8134	9.795879e-02
545.2421	9.813079e-02
545.6707	9.826071e-02
546.0993	9.844984e-02
546.5278	9.860300e-02
546.9562	9.873137e-02
547.3846	9.883857e-02
547.8130	9.894303e-02
548.2413	9.908771e-02
548.6695	9.925233e-02
549.0977	9.942137e-02
549.5258	9.955441e-02
549.9539	9.970146e-02
550.3819	9.986292e-02
550.8099	1.001037e-01
551.2377	1.002251e-01
551.6656	1.003640e-01
552.0934	1.005822e-01
552.5211	1.008249e-01
552.9488	1.010869e-01
553.3764	1.012814e-01
553.8040	1.014436e-01
554.2315	1.016151e-01
554.6589	1.018308e-01
555.0863	1.020770e-01
555.5137	1.022660e-01
555.9409	1.024316e-01
556.3682	1.025550e-01
556.7953	1.026830e-01
557.2225	1.028546e-01
557.6495	1.030368e-01
558.0765	1.031637e-01
558.5035	1.033149e-01
558.9304	1.034592e-01
559.3572	1.036027e-01
559.7840	1.036662e-01
560.2107	1.037806e-01
560.6374	1.038615e-01
561.0640	1.039470e-01
561.4905	1.040249e-01
561.9170	1.040211e-01
562.3435	1.039755e-01
562.7699	1.039121e-01
563.1962	1.038597e-01
563.6225	1.038494e-01
564.0487	1.037883e-01
564.4748	1.036986e-01
564.9009	1.035540e-01
565.3270	1.034701e-01
565.7530	1.034093e-01
566.1789	1.033511e-01
566.6048	1.032954e-01
567.0306	1.032698e-01
567.4564	1.032897e-01
567.8821	1.032820e-01
568.3078	1.033036e-01
568.7334	1.034424e-01
569.1589	1.035684e-01
569.5844	1.037969e-01
570.0098	1.040192e-01
570.4352	1.042381e-01
570.8605	1.045029e-01
571.2858	1.048429e-01
571.7110	1.051407e-01
572.1361	1.055807e-01
572.5612	1.060484e-01
572.9863	1.064734e-01
573.4112	1.068892e-01
573.8362	1.073386e-01
574.2610	1.078433e-01
574.6858	1.083690e-01
575.1106	1.089119e-01
575.5353	1.094058e-01
575.9599	1.099287e-01
576.3845	1.103867e-01
576.8090	1.108532e-01
577.2335	1.113695e-01
577.6579	1.118371e-01
578.0823	1.123587e-01
578.5066	1.128781e-01
578.9308	1.134237e-01
579.3550	1.139507e-01
579.7791	1.144561e-01
580.2032	1.149093e-01
580.6272	1.154695e-01
581.0512	1.159440e-01
581.4751	1.164418e-01
581.8990	1.169095e-01
582.3227	1.173998e-01
582.7465	1.178461e-01
583.1702	1.183000e-01
583.5938	1.188234e-01
584.0174	1.192937e-01
584.4409	1.197811e-01
584.8643	1.201863e-01
585.2877	1.205665e-01
585.7110	1.210062e-01
586.1343	1.214519e-01
586.5576	1.218452e-01
586.9807	1.222351e-01
587.4038	1.226349e-01
587.8269	1.229904e-01
588.2499	1.233879e-01
588.6728	1.237752e-01
589.0957	1.241891e-01
589.5186	1.245894e-01
589.9413	1.250299e-01
590.3640	1.254018e-01
590.7867	1.257692e-01
591.2093	1.260472e-01
591.6318	1.264151e-01
592.0543	1.268284e-01
592.4768	1.270993e-01
592.8991	1.273572e-01
593.3215	1.275717e-01
593.7437	1.277656e-01
594.1659	1.280174e-01
594.5881	1.282510e-01
595.0102	1.283785e-01
595.4322	1.284835e-01
595.8542	1.285330e-01
596.2761	1.285447e-01
596.6979	1.285346e-01
597.1197	1.284437e-01
597.5415	1.282939e-01
597.9632	1.281668e-01
598.3848	1.279982e-01
598.8064	1.277721e-01
599.2279	1.274897e-01
599.6494	1.271956e-01
600.0708	1.268956e-01
600.4921	1.266076e-01
600.9134	1.263210e-01
601.3347	1.260747e-01
601.7558	1.258322e-01
602.1770	1.256766e-01
602.5980	1.255902e-01
603.0190	1.255890e-01
603.4400	1.255654e-01
603.8609	1.256636e-01
604.2817	1.258071e-01
604.7025	1.259903e-01
605.1232	1.262288e-01
605.5439	1.264734e-01
605.9645	1.267465e-01
606.3850	1.271144e-01
606.8055	1.274336e-01
607.2260	1.278224e-01
607.6463	1.283275e-01
608.0667	1.288488e-01
608.4869	1.293767e-01
608.9071	1.299714e-01
609.3273	1.306019e-01
609.7474	1.312138e-01
610.1674	1.318287e-01
610.5874	1.324332e-01
611.0073	1.330835e-01
611.4272	1.337632e-01
611.8470	1.343886e-01
612.2667	1.350148e-01
612.6864	1.356809e-01
613.1061	1.363251e-01
613.5256	1.370463e-01
613.9452	1.376329e-01
614.3646	1.382591e-01
614.7840	1.389397e-01
615.2034	1.395586e-01
615.6227	1.401965e-01
616.0419	1.408080e-01
616.4611	1.414298e-01
616.8802	1.420866e-01
617.2992	1.427636e-01
617.7182	1.433659e-01
618.1372	1.439628e-01
618.5561	1.446368e-01
618.9749	1.453067e-01
619.3937	1.458652e-01
619.8124	1.464388e-01
620.2311	1.470814e-01
620.6497	1.477079e-01
621.0682	1.483092e-01
621.4867	1.489130e-01
621.9051	1.495930e-01
622.3235	1.501998e-01
622.7418	1.509459e-01
623.1601	1.516473e-01
623.5783	1.522862e-01
623.9964	1.529633e-01
624.4145	1.535725e-01
624.8325	1.542494e-01
625.2505	1.548898e-01
625.6684	1.555903e-01
626.0862	1.562363e-01
626.5040	1.569579e-01
626.9218	1.576125e-01
627.3395	1.582562e-01
627.7571	1.589387e-01
628.1746	1.597006e-01
628.5921	1.604011e-01
629.0096	1.610956e-01
629.4270	1.617127e-01
629.8443	1.623548e-01
630.2616	1.630273e-01
630.6788	1.636106e-01
631.0960	1.642860e-01
631.5131	1.649063e-01
631.9301	1.655667e-01
632.3471	1.662599e-01
632.7640	1.668528e-01
633.1809	1.675280e-01
633.5977	1.681501e-01
634.0145	1.688214e-01
634.4312	1.694732e-01
634.8478	1.702529e-01
635.2644	1.709423e-01
635.6809	1.716649e-01
636.0974	1.723849e-01
636.5138	1.730369e-01
636.9302	1.736475e-01
637.3465	1.743745e-01
637.7627	1.750475e-01
638.1789	1.757601e-01
638.5950	1.764187e-01
639.0111	1.771086e-01
639.4271	1.777447e-01
639.8430	1.783353e-01
640.2589	1.789967e-01
640.6747	1.795626e-01
641.0905	1.801280e-01
641.5062	1.808321e-01
641.9219	1.815100e-01
642.3375	1.821765e-01
642.7530	1.828237e-01
643.1685	1.835348e-01
643.5839	1.842416e-01
643.9993	1.849029e-01
644.4146	1.856105e-01
644.8298	1.862427e-01
645.2450	1.868749e-01
645.6602	1.875681e-01
646.0752	1.882467e-01
646.4903	1.889798e-01
646.9052	1.896319e-01
647.3201	1.903841e-01
647.7350	1.909485e-01
648.1497	1.915917e-01
648.5645	1.922673e-01
648.9791	1.928883e-01
649.3938	1.935585e-01
649.8083	1.941857e-01
650.2228	1.947595e-01
650.6372	1.953904e-01
651.0516	1.960711e-01
651.4659	1.968208e-01
651.8802	1.974997e-01
652.2944	1.981171e-01
652.7086	1.989232e-01
653.1226	1.995393e-01
653.5367	2.001251e-01
653.9506	2.006574e-01
654.3646	2.012525e-01
654.7784	2.018034e-01
655.1922	2.024803e-01
655.6059	2.031279e-01
656.0196	2.036746e-01
656.4332	2.041973e-01
656.8468	2.048007e-01
657.2603	2.053600e-01
657.6738	2.059334e-01
658.0871	2.064346e-01
658.5005	2.070294e-01
658.9137	2.076876e-01
659.3270	2.083466e-01
659.7401	2.089721e-01
660.1532	2.095159e-01
660.5662	2.101875e-01
660.9792	2.109431e-01
661.3921	2.115851e-01
661.8050	2.122055e-01
662.2178	2.127634e-01
662.6306	2.134149e-01
663.0432	2.140897e-01
663.4559	2.147757e-01
663.8684	2.153460e-01
664.2810	2.158461e-01
664.6934	2.163488e-01
665.1058	2.170107e-01
665.5181	2.176124e-01
665.9304	2.182984e-01
666.3426	2.188986e-01
666.7548	2.195741e-01
667.1669	2.201624e-01
667.5789	2.207177e-01
667.9909	2.213710e-01
668.4028	2.220432e-01
668.8147	2.227443e-01
669.2265	2.234789e-01
669.6383	2.242217e-01
670.0500	2.249374e-01
670.4616	2.255351e-01
670.8732	2.261369e-01
671.2847	2.267573e-01
671.6961	2.275435e-01
672.1075	2.282992e-01
672.5189	2.290097e-01
672.9302	2.297949e-01
673.3414	2.305952e-01
673.7525	2.313103e-01
674.1636	2.322105e-01
674.5747	2.329599e-01
674.9857	2.337129e-01
675.3966	2.344644e-01
675.8075	2.352875e-01
676.2183	2.360763e-01
676.6290	2.369533e-01
677.0397	2.377742e-01
677.4504	2.385985e-01
677.8609	2.392829e-01
678.2715	2.400424e-01
678.6819	2.408487e-01
679.0923	2.417334e-01
679.5027	2.425995e-01
679.9129	2.435098e-01
680.3232	2.444231e-01
680.7333	2.453305e-01
681.1434	2.462704e-01
681.5535	2.471830e-01
681.9635	2.480896e-01
682.3734	2.490928e-01
682.7833	2.500559e-01
683.1931	2.510792e-01
683.6028	2.521331e-01
684.0125	2.531554e-01
684.4221	2.541696e-01
684.8317	2.553185e-01
685.2412	2.563901e-01
685.6507	2.574867e-01
686.0601	2.585313e-01
686.4694	2.597549e-01
686.8787	2.609769e-01
687.2879	2.619858e-01
687.6971	2.629949e-01
688.1062	2.640536e-01
688.5152	2.650904e-01
688.9242	2.659797e-01
689.3331	2.669656e-01
689.7420	2.679130e-01
690.1508	2.689083e-01
690.5596	2.698663e-01
690.9682	2.707963e-01
691.3769	2.717742e-01
691.7854	2.727468e-01
692.1940	2.736010e-01
692.6024	2.744627e-01
693.0108	2.753490e-01
693.4191	2.764524e-01
693.8274	2.774364e-01
694.2356	2.785884e-01
694.6438	2.796963e-01
695.0519	2.807859e-01
695.4599	2.817065e-01
695.8679	2.826470e-01
696.2758	2.836312e-01
696.6837	2.846665e-01
697.0915	2.856977e-01
697.4992	2.867766e-01
697.9069	2.879265e-01
698.3145	2.889869e-01
698.7221	2.900579e-01
699.1296	2.911330e-01
699.5370	2.921661e-01
699.9444	2.932794e-01
700.3517	2.943657e-01
700.7590	2.954813e-01
701.1662	2.964858e-01
701.5734	2.977260e-01
701.9804	2.986699e-01
702.3875	2.997308e-01
702.7944	3.008579e-01
703.2013	3.019485e-01
703.6082	3.030480e-01
704.0150	3.042990e-01
704.4217	3.056916e-01
704.8284	3.069136e-01
705.2350	3.080826e-01
705.6416	3.093519e-01
706.0481	3.105364e-01
706.4545	3.116488e-01
706.8609	3.127891e-01
707.2672	3.139438e-01
707.6734	3.150351e-01
708.0796	3.162052e-01
708.4858	3.173675e-01
708.8918	3.184767e-01
709.2979	3.196466e-01
709.7038	3.208500e-01
710.1097	3.219452e-01
710.5156	3.232493e-01
710.9213	3.246010e-01
711.3270	3.258644e-01
711.7327	3.271856e-01
712.1383	3.285337e-01
712.5438	3.298739e-01
712.9493	3.311363e-01
713.3548	3.323917e-01
713.7601	3.336465e-01
714.1654	3.349660e-01
714.5707	3.364901e-01
714.9758	3.379131e-01
715.3810	3.393430e-01
715.7860	3.406080e-01
716.1910	3.419772e-01
716.5960	3.432899e-01
717.0009	3.444427e-01
717.4057	3.457948e-01
717.8104	3.469844e-01
718.2151	3.482207e-01
718.6198	3.495668e-01
719.0244	3.507018e-01
719.4289	3.519145e-01
719.8334	3.530661e-01
720.2378	3.542878e-01
720.6421	3.553378e-01
721.0464	3.565689e-01
721.4506	3.575335e-01
721.8548	3.585622e-01
722.2589	3.597203e-01
722.6630	3.609069e-01
723.0669	3.619737e-01
723.4709	3.633300e-01
723.8747	3.646740e-01
724.2785	3.659869e-01
724.6823	3.671881e-01
725.0860	3.683943e-01
725.4896	3.696933e-01
725.8932	3.709876e-01
726.2967	3.723407e-01
726.7001	3.737471e-01
727.1035	3.749920e-01
727.5068	3.763653e-01
727.9101	3.778897e-01
728.3133	3.793095e-01
728.7165	3.806743e-01
729.1195	3.822705e-01
729.5226	3.837620e-01
729.9255	3.852961e-01
730.3284	3.868453e-01
730.7313	3.883087e-01
731.1341	3.899229e-01
731.5368	3.913512e-01
731.9395	3.926411e-01
732.3421	3.939363e-01
732.7446	3.952195e-01
733.1471	3.965258e-01
733.5495	3.978550e-01
733.9519	3.992246e-01
734.3542	4.007764e-01
734.7564	4.022646e-01
735.1586	4.036994e-01
735.5608	4.051438e-01
735.9628	4.066882e-01
736.3648	4.082793e-01
736.7668	4.098728e-01
737.1687	4.114360e-01
737.5705	4.130149e-01
737.9722	4.145743e-01
738.3739	4.163006e-01
738.7756	4.178409e-01
739.1772	4.194977e-01
739.5787	4.209122e-01
739.9802	4.225629e-01
740.3816	4.243196e-01
740.7829	4.260672e-01
741.1842	4.276943e-01
741.5854	4.289527e-01
741.9866	4.304069e-01
742.3877	4.317117e-01
742.7887	4.329856e-01
743.1897	4.342306e-01
743.5906	4.353452e-01
743.9915	4.363129e-01
744.3923	4.372804e-01
744.7930	4.379403e-01
745.1937	4.386719e-01
745.5943	4.391947e-01
745.9948	4.395790e-01
746.3953	4.398604e-01
746.7958	4.400500e-01
747.1962	4.404818e-01
747.5965	4.409564e-01
747.9967	4.412037e-01
748.3969	4.416994e-01
748.7970	4.422753e-01
749.1971	4.426794e-01
749.5971	4.427840e-01
749.9971	4.432509e-01
750.3970	4.435864e-01
750.7968	4.442333e-01
751.1966	4.450475e-01
751.5963	4.457329e-01
751.9959	4.465145e-01
752.3955	4.475716e-01
752.7950	4.485338e-01
753.1945	4.498338e-01
753.5939	4.510478e-01
753.9933	4.525410e-01
754.3926	4.543900e-01
754.7918	4.563858e-01
755.1909	4.585739e-01
755.5900	4.606231e-01
755.9891	4.627615e-01
756.3881	4.651879e-01
756.7870	4.675772e-01
757.1858	4.700451e-01
757.5846	4.726110e-01
757.9834	4.753408e-01
758.3821	4.779721e-01
758.7807	4.807680e-01
759.1792	4.835444e-01
759.5777	4.861544e-01
759.9762	4.890954e-01
760.3745	4.919780e-01
760.7729	4.948612e-01
761.1711	4.978774e-01
761.5693	5.007877e-01
761.9674	5.037152e-01
762.3655	5.067973e-01
762.7635	5.094297e-01
763.1615	5.123611e-01
763.5593	5.150605e-01
763.9572	5.178170e-01
764.3549	5.205160e-01
764.7526	5.231470e-01
765.1503	5.261464e-01
765.5479	5.291416e-01
765.9454	5.320170e-01
766.3429	5.349115e-01
766.7403	5.376700e-01
767.1376	5.404093e-01
767.5349	5.434197e-01
767.9321	5.464838e-01
768.3292	5.494681e-01
768.7263	5.528398e-01
769.1234	5.559227e-01
769.5203	5.588628e-01
769.9173	5.616353e-01
770.3141	5.644663e-01
770.7109	5.672405e-01
771.1076	5.700233e-01
771.5043	5.728156e-01
771.9009	5.758683e-01
772.2974	5.789073e-01
772.6939	5.817734e-01
773.0904	5.845516e-01
773.4867	5.873592e-01
773.8830	5.901891e-01
774.2793	5.928545e-01
774.6754	5.956346e-01
775.0716	5.984166e-01
775.4676	6.010756e-01
775.8636	6.039281e-01
776.2595	6.067386e-01
776.6554	6.097606e-01
777.0512	6.126580e-01
777.4470	6.156517e-01
777.8427	6.186044e-01
778.2383	6.217531e-01
778.6339	6.247745e-01
779.0294	6.276405e-01
779.4248	6.308371e-01
779.8202	6.343011e-01
780.2155	6.377520e-01
780.6108	6.411830e-01
781.0060	6.441582e-01
781.4011	6.475706e-01
781.7962	6.508641e-01
782.1912	6.539645e-01
782.5862	6.571104e-01
782.9811	6.601660e-01
783.3759	6.632669e-01
783.7707	6.664521e-01
784.1654	6.694201e-01
784.5600	6.725242e-01
784.9546	6.757812e-01
785.3491	6.788174e-01
785.7436	6.817038e-01
786.1380	6.846369e-01
786.5323	6.875269e-01
786.9266	6.906412e-01
787.3208	6.937442e-01
787.7150	6.968980e-01
788.1091	7.001370e-01
788.5031	7.033438e-01
788.8971	7.059873e-01
789.2910	7.089060e-01
789.6848	7.118167e-01
790.0786	7.146143e-01
790.4724	7.172488e-01
790.8660	7.203061e-01
791.2596	7.232988e-01
791.6532	7.262133e-01
792.0466	7.292755e-01
792.4401	7.325959e-01
792.8334	7.358874e-01
793.2267	7.389906e-01
793.6199	7.419994e-01
794.0131	7.451565e-01
794.4062	7.483860e-01
794.7993	7.514244e-01
795.1923	7.545397e-01
795.5852	7.574118e-01
795.9781	7.606443e-01
796.3709	7.638240e-01
796.7636	7.668637e-01
797.1563	7.701831e-01
797.5489	7.733539e-01
797.9414	7.762874e-01
798.3339	7.793828e-01
798.7264	7.826933e-01
799.1187	7.858259e-01
799.5110	7.891949e-01
799.9033	7.925908e-01
800.2955	7.957946e-01
800.6876	7.994266e-01
801.0797	8.030544e-01
801.4717	8.063023e-01
801.8636	8.093101e-01
802.2555	8.120453e-01
802.6473	8.149671e-01
803.0390	8.179843e-01
803.4307	8.207243e-01
803.8224	8.238414e-01
804.2139	8.266720e-01
804.6054	8.295445e-01
804.9969	8.327116e-01
805.3882	8.358436e-01
805.7796	8.389769e-01
806.1708	8.424341e-01
806.5620	8.458933e-01
806.9531	8.488471e-01
807.3442	8.522288e-01
807.7352	8.555222e-01
808.1262	8.586457e-01
808.5171	8.617960e-01
808.9079	8.647127e-01
809.2986	8.681746e-01
809.6893	8.709199e-01
810.0800	8.734093e-01
810.4706	8.756830e-01
810.8611	8.783232e-01
811.2515	8.810104e-01
811.6419	8.843612e-01
812.0322	8.867561e-01
812.4225	8.891762e-01
812.8127	8.920583e-01
813.2028	8.956659e-01
813.5929	8.986091e-01
813.9829	9.015399e-01
814.3729	9.041039e-01
814.7628	9.063186e-01
815.1526	9.093353e-01
815.5424	9.117992e-01
815.9321	9.144066e-01
816.3217	9.168876e-01
816.7113	9.195856e-01
817.1008	9.223807e-01
817.4903	9.241540e-01
817.8797	9.265003e-01
818.2690	9.288432e-01
818.6583	9.312694e-01
819.0475	9.336246e-01
819.4366	9.363525e-01
819.8257	9.388565e-01
820.2147	9.416322e-01
820.6037	9.446908e-01
820.9926	9.474992e-01
821.3814	9.495889e-01
821.7702	9.517755e-01
822.1589	9.544809e-01
822.5476	9.570039e-01
822.9361	9.595318e-01
823.3247	9.620050e-01
823.7131	9.647856e-01
824.1015	9.662754e-01
824.4899	9.676923e-01
824.8781	9.695548e-01
825.2663	9.716841e-01
825.6545	9.742550e-01
826.0426	9.766066e-01
826.4306	9.788436e-01
826.8186	9.812517e-01
827.2065	9.835650e-01
827.5943	9.862253e-01
827.9821	9.885578e-01
828.3698	9.904102e-01
828.7574	9.919170e-01
829.1450	9.936467e-01
829.5325	9.958320e-01
829.9200	9.982498e-01
830.3074	1.000392e+00
830.6947	1.002569e+00
831.0820	1.004720e+00
831.4692	1.006518e+00
831.8564	1.008300e+00
832.2435	1.009461e+00
832.6305	1.011116e+00
833.0174	1.012690e+00
833.4043	1.014069e+00
833.7912	1.015752e+00
834.1779	1.017421e+00
834.5647	1.019195e+00
834.9513	1.021418e+00
835.3379	1.022667e+00
835.7244	1.024201e+00
836.1109	1.025592e+00
836.4973	1.027653e+00
836.8836	1.029673e+00
837.2699	1.031696e+00
837.6561	1.033362e+00
838.0422	1.035578e+00
838.4283	1.038052e+00
838.8143	1.039827e+00
839.2003	1.041197e+00
839.5862	1.043313e+00
839.9720	1.045135e+00
840.3578	1.047505e+00
840.7435	1.049534e+00
841.1291	1.051736e+00
841.5147	1.054224e+00
841.9002	1.056289e+00
842.2857	1.058429e+00
842.6711	1.060902e+00
843.0564	1.062129e+00
843.4417	1.063900e+00
843.8269	1.065556e+00
844.2120	1.068049e+00
844.5971	1.070343e+00
844.9821	1.073128e+00
845.3671	1.075291e+00
845.7520	1.077594e+00
846.1368	1.079583e+00
846.5216	1.081161e+00
846.9063	1.083128e+00
847.2909	1.085581e+00
847.6755	1.088100e+00
848.0600	1.090459e+00
848.4445	1.093749e+00
848.8288	1.096541e+00
849.2132	1.099058e+00
849.5974	1.101397e+00
849.9816	1.103996e+00
850.3658	1.106789e+00
850.7498	1.109185e+00
851.1338	1.112163e+00
851.5178	1.115079e+00
851.9017	1.118257e+00
852.2855	1.121763e+00
852.6692	1.125246e+00
853.0529	1.128339e+00
853.4366	1.131116e+00
853.8201	1.134229e+00
854.2036	1.137531e+00
854.5871	1.141269e+00
854.9705	1.144718e+00
855.3538	1.148228e+00
855.7370	1.151391e+00
856.1202	1.154505e+00
856.5033	1.157237e+00
856.8864	1.160484e+00
857.2694	1.163617e+00
857.6523	1.166581e+00
858.0352	1.169447e+00
858.4180	1.173063e+00
858.8008	1.176750e+00
859.1834	1.179950e+00
859.5661	1.183180e+00
859.9486	1.186669e+00
860.3311	1.189527e+00
860.7135	1.193126e+00
861.0959	1.195989e+00
861.4782	1.200363e+00
861.8604	1.204908e+00
862.2426	1.209321e+00
862.6247	1.213171e+00
863.0068	1.217621e+00
863.3888	1.221465e+00
863.7707	1.225213e+00
864.1526	1.228995e+00
864.5344	1.233587e+00
864.9161	1.237785e+00
865.2978	1.242422e+00
865.6794	1.247516e+00
866.0609	1.252601e+00
866.4424	1.257540e+00
866.8238	1.263044e+00
867.2052	1.268202e+00
867.5864	1.272977e+00
867.9677	1.277512e+00
868.3488	1.282762e+00
868.7299	1.287191e+00
869.1110	1.291868e+00
869.4919	1.296171e+00
869.8728	1.299582e+00
870.2537	1.303382e+00
870.6345	1.308402e+00
871.0152	1.312327e+00
871.3958	1.316856e+00
871.7764	1.321238e+00
872.1570	1.326181e+00
872.5374	1.330971e+00
872.9178	1.336408e+00
873.2982	1.341540e+00
873.6784	1.346671e+00
874.0586	1.352455e+00
874.4388	1.357506e+00
874.8189	1.362083e+00
875.1989	1.366808e+00
875.5788	1.371652e+00
875.9587	1.376846e+00
876.3386	1.382214e+00
876.7183	1.387805e+00
877.0980	1.393900e+00
877.4777	1.399561e+00
877.8572	1.405274e+00
878.2367	1.411199e+00
878.6162	1.416829e+00
878.9956	1.423680e+00
879.3749	1.430198e+00
879.7541	1.436772e+00
880.1333	1.443782e+00
880.5124	1.450402e+00
880.8915	1.456975e+00
881.2705	1.464450e+00
881.6494	1.472030e+00
882.0283	1.479331e+00
882.4071	1.487093e+00
882.7859	1.494458e+00
883.1645	1.501496e+00
883.5432	1.507791e+00
883.9217	1.513813e+00
884.3002	1.519306e+00
884.6786	1.524036e+00
885.0570	1.528675e+00
885.4353	1.532030e+00
885.8135	1.534872e+00
886.1917	1.537291e+00
886.5698	1.538706e+00
886.9478	1.538068e+00
887.3258	1.536975e+00
887.7037	1.536081e+00
888.0816	1.534613e+00
888.4593	1.532190e+00
888.8371	1.528605e+00
889.2147	1.524534e+00
889.5923	1.519426e+00
889.9698	1.512750e+00
890.3473	1.505202e+00
890.7247	1.496822e+00
891.1020	1.488817e+00
891.4793	1.479285e+00
891.8565	1.469410e+00
892.2337	1.458761e+00
892.6107	1.448110e+00
892.9878	1.436932e+00
893.3647	1.426146e+00
893.7416	1.414749e+00
894.1184	1.403705e+00
894.4952	1.393480e+00
894.8719	1.384254e+00
895.2485	1.375853e+00
895.6251	1.368393e+00
896.0016	1.361672e+00
896.3780	1.356095e+00
896.7544	1.351949e+00
897.1307	1.348897e+00
897.5069	1.346953e+00
897.8831	1.346287e+00
898.2592	1.347496e+00
898.6353	1.350262e+00
899.0113	1.354462e+00
899.3872	1.361304e+00
899.7631	1.369896e+00
900.1389	1.380106e+00
900.5146	1.392146e+00
900.8903	1.405632e+00
901.2659	1.420285e+00
901.6414	1.437419e+00
902.0169	1.456156e+00
902.3923	1.476346e+00
902.7676	1.497283e+00
903.1429	1.520068e+00
903.5181	1.543462e+00
903.8933	1.567119e+00
904.2684	1.591510e+00
904.6434	1.616655e+00
905.0183	1.642755e+00
905.3932	1.669807e+00
905.7681	1.698236e+00
906.1428	1.725717e+00
906.5175	1.753434e+00
906.8922	1.780971e+00
907.2667	1.807716e+00
907.6413	1.833858e+00
908.0157	1.860695e+00
908.3901	1.887827e+00
908.7644	1.914472e+00
909.1386	1.940527e+00
909.5128	1.965711e+00
909.8870	1.991238e+00
910.2610	2.016710e+00
910.6350	2.042284e+00
911.0089	2.066930e+00
911.3828	2.092179e+00
911.7566	2.117640e+00
912.1303	2.141593e+00
912.5040	2.166205e+00
912.8776	2.190321e+00
913.2511	2.214855e+00
913.6246	2.238897e+00
913.9980	2.262424e+00
914.3714	2.286120e+00
914.7446	2.310081e+00
915.1179	2.333810e+00
915.4910	2.357128e+00
915.8641	2.380439e+00
916.2371	2.403752e+00
916.6101	2.427336e+00
916.9830	2.449222e+00
917.3558	2.471637e+00
917.7286	2.493808e+00
918.1013	2.515023e+00
918.4739	2.537612e+00
918.8465	2.559386e+00
919.2190	2.580964e+00
919.5914	2.601889e+00
919.9638	2.625177e+00
920.3361	2.647039e+00
920.7083	2.670080e+00
921.0805	2.692978e+00
921.4526	2.715830e+00
921.8247	2.738272e+00
922.1967	2.761422e+00
922.5686	2.785658e+00
922.9405	2.808800e+00
923.3122	2.831084e+00
923.6840	2.851391e+00
924.0556	2.873285e+00
924.4272	2.894124e+00
924.7988	2.917597e+00
925.1702	2.938294e+00
925.5416	2.960773e+00
925.9130	2.982722e+00
926.2842	3.004760e+00
926.6554	3.026386e+00
927.0266	3.048730e+00
927.3977	3.073268e+00
927.7687	3.097634e+00
928.1396	3.124838e+00
928.5105	3.152398e+00
928.8813	3.181699e+00
929.2521	3.211449e+00
929.6228	3.241578e+00
929.9934	3.273055e+00
930.3639	3.302838e+00
930.7344	3.333449e+00
931.1049	3.363994e+00
931.4752	3.396228e+00
931.8455	3.424704e+00
932.2157	3.456851e+00
932.5859	3.487579e+00
932.9560	3.520130e+00
933.3260	3.552263e+00
933.6960	3.586038e+00
934.0659	3.618696e+00
934.4358	3.652147e+00
934.8055	3.685836e+00
935.1752	3.721480e+00
935.5449	3.757447e+00
935.9145	3.793580e+00
936.2840	3.829572e+00
936.6534	3.863164e+00
937.0228	3.897102e+00
937.3921	3.932560e+00
937.7614	3.967735e+00
938.1306	4.002314e+00
938.4997	4.034459e+00
938.8688	4.067051e+00
939.2378	4.097418e+00
939.6067	4.127433e+00
939.9755	4.156524e+00
940.3443	4.185509e+00
940.7131	4.213171e+00
941.0817	4.236779e+00
941.4503	4.262700e+00
941.8189	4.288552e+00
942.1873	4.316077e+00
942.5557	4.342907e+00
942.9241	4.367334e+00
943.2924	4.395190e+00
943.6606	4.424386e+00
944.0287	4.450868e+00
944.3968	4.478448e+00
944.7648	4.506981e+00
945.1327	4.536181e+00
945.5006	4.568801e+00
945.8684	4.602793e+00
946.2362	4.637938e+00
946.6039	4.674059e+00
946.9715	4.708463e+00
947.3390	4.743239e+00
947.7065	4.778323e+00
948.0739	4.810553e+00
948.4413	4.846143e+00
948.8086	4.884587e+00
949.1758	4.922681e+00
949.5430	4.964399e+00
949.9101	5.004902e+00
950.2771	5.045725e+00
950.6441	5.088094e+00
951.0110	5.128543e+00
951.3778	5.170661e+00
951.7446	5.215593e+00
952.1113	5.260353e+00
952.4779	5.308487e+00
952.8445	5.355762e+00
953.2110	5.401839e+00
953.5774	5.446875e+00
953.9438	5.493477e+00
954.3101	5.539399e+00
954.6763	5.586705e+00
955.0425	5.633553e+00
955.4086	5.678389e+00
955.7747	5.729372e+00
956.1406	5.780997e+00
956.5065	5.833569e+00
956.8724	5.884828e+00
957.2382	5.937846e+00
957.6039	5.990993e+00
957.9695	6.048960e+00
958.3351	6.105252e+00
958.7006	6.160412e+00
959.0661	6.216621e+00
959.4315	6.274605e+00
959.7968	6.334344e+00
960.1620	6.391833e+00
960.5272	6.447416e+00
960.8924	6.502553e+00
961.2574	6.561610e+00
961.6224	6.619523e+00
961.9873	6.675523e+00
962.3522	6.738597e+00
962.7170	6.800323e+00
963.0817	6.863451e+00
963.4464	6.927807e+00
963.8110	6.989243e+00
964.1755	7.054314e+00
964.5399	7.119162e+00
964.9043	7.181967e+00
965.2687	7.250577e+00
965.6329	7.319952e+00
965.9971	7.390950e+00
966.3613	7.463851e+00
966.7253	7.539839e+00
967.0893	7.613874e+00
967.4533	7.685595e+00
967.8171	7.755137e+00
968.1809	7.830128e+00
968.5447	7.908091e+00
968.9084	7.983788e+00
969.2720	8.060358e+00
969.6355	8.139412e+00
969.9990	8.213343e+00
970.3624	8.293547e+00
970.7257	8.369996e+00
971.0890	8.447935e+00
971.4522	8.534885e+00
971.8153	8.622882e+00
972.1784	8.715453e+00
972.5414	8.807607e+00
972.9044	8.901264e+00
973.2672	8.998067e+00
973.6301	9.091573e+00
973.9928	9.191780e+00
974.3555	9.283769e+00
974.7181	9.381506e+00
975.0806	9.478285e+00
975.4431	9.572941e+00
975.8055	9.666178e+00
976.1679	9.756460e+00
976.5302	9.854200e+00
976.8924	9.950780e+00
977.2545	1.005017e+01
977.6166	1.014666e+01
977.9786	1.024398e+01
978.3406	1.034315e+01
978.7024	1.045038e+01
979.0643	1.055744e+01
979.4260	1.066625e+01
979.7877	1.078145e+01
980.1493	1.089892e+01
980.5109	1.101367e+01
980.8723	1.112777e+01
981.2338	1.125141e+01
981.5951	1.137056e+01
981.9564	1.149266e+01
982.3176	1.160792e+01
982.6788	1.173187e+01
983.0399	1.185567e+01
983.4009	1.198511e+01
983.7618	1.211887e+01
984.1227	1.225126e+01
984.4835	1.238606e+01
984.8443	1.251563e+01
985.2050	1.265340e+01
985.5656	1.278363e+01
985.9261	1.292173e+01
986.2866	1.306076e+01
986.6471	1.319741e+01
987.0074	1.334494e+01
987.3677	1.349388e+01
987.7279	1.364683e+01
988.0881	1.380450e+01
988.4482	1.396195e+01
988.8082	1.411864e+01
989.1681	1.428675e+01
989.5280	1.444692e+01
989.8878	1.461998e+01
990.2476	1.478492e+01
990.6073	1.496421e+01
990.9669	1.514563e+01
991.3265	1.532357e+01
991.6860	1.550206e+01
992.0454	1.567877e+01
992.4047	1.586454e+01
992.7640	1.605359e+01
993.1232	1.625428e+01
993.4824	1.645666e+01
993.8415	1.665483e+01
994.2005	1.685789e+01
994.5594	1.706040e+01
994.9183	1.726418e+01
995.2772	1.746563e+01
995.6359	1.767385e+01
995.9946	1.788940e+01
996.3532	1.811076e+01
996.7118	1.831485e+01
997.0703	1.854243e+01
997.4287	1.876031e+01
997.7870	1.898560e+01
998.1453	1.921317e+01
998.5035	1.944682e+01
998.8617	1.968980e+01
999.2198	1.993790e+01
999.5778	2.020228e+01
999.9357	2.046324e+01
1000.2936	2.072780e+01
1000.6514	2.098919e+01
1001.0092	2.125061e+01
1001.3669	2.151530e+01
1001.7245	2.178410e+01
1002.0820	2.205281e+01
1002.4395	2.231649e+01
1002.7969	2.258068e+01
1003.1543	2.284483e+01
1003.5116	2.310715e+01
1003.8688	2.337513e+01
1004.2259	2.364486e+01
1004.5830	2.390868e+01
1004.9400	2.419550e+01
1005.2970	2.449102e+01
1005.6538	2.481549e+01
1006.0107	2.513899e+01
1006.3674	2.547334e+01
1006.7241	2.581421e+01
1007.0807	2.614619e+01
1007.4372	2.649936e+01
1007.7937	2.687107e+01
1008.1501	2.724734e+01
1008.5065	2.762629e+01
1008.8627	2.801571e+01
1009.2189	2.842737e+01
1009.5751	2.882352e+01
1009.9312	2.922563e+01
1010.2872	2.962075e+01
1010.6431	3.001655e+01
1010.9990	3.041464e+01
1011.3548	3.081864e+01
1011.7105	3.122287e+01
1012.0662	3.166159e+01
1012.4218	3.207922e+01
1012.7773	3.251201e+01
1013.1328	3.292921e+01
1013.4882	3.337141e+01
1013.8435	3.382974e+01
1014.1988	3.428434e+01
1014.5540	3.473891e+01
1014.9091	3.519963e+01
1015.2642	3.567698e+01
1015.6192	3.616482e+01
1015.9741	3.669213e+01
1016.3290	3.723363e+01
1016.6838	3.774631e+01
1017.0385	3.826906e+01
1017.3932	3.879525e+01
1017.7478	3.934971e+01
1018.1023	3.991835e+01
1018.4567	4.052110e+01
1018.8111	4.112748e+01
1019.1655	4.177502e+01
1019.5197	4.245490e+01
1019.8739	4.316064e+01
1020.2280	4.387171e+01
1020.5821	4.459685e+01
1020.9361	4.532239e+01
1021.2900	4.605870e+01
1021.6438	4.678417e+01
1021.9976	4.755134e+01
1022.3513	4.834193e+01
1022.7050	4.912004e+01
1023.0586	4.990275e+01
1023.4121	5.066249e+01
1023.7655	5.140058e+01
1024.1189	5.215347e+01
1024.4722	5.290750e+01
1024.8254	5.361870e+01
1025.1786	5.436479e+01
1025.5317	5.514925e+01
1025.8848	5.600441e+01
1026.2377	5.686391e+01
1026.5906	5.774948e+01
1026.9435	5.862701e+01
1027.2963	5.951962e+01
1027.6490	6.047593e+01
1028.0016	6.146065e+01
1028.3542	6.239428e+01
1028.7067	6.332948e+01
1029.0591	6.424478e+01
1029.4115	6.516913e+01
1029.7637	6.612450e+01
1030.1160	6.709357e+01
1030.4681	6.806008e+01
1030.8202	6.901587e+01
1031.1723	6.995179e+01
1031.5242	7.088954e+01
