# Python obtained correction file for 260413_Flame1_lamp-LS-1-CAL_OrangeFiber+425nm+polarizer_p-pol.txt, contains the irradiance calibration
# LS-1-CAL, LPVISE100, FELH425 nm
# Wavelength(nm)	Corr.Factor
192.3457	0.000000e+00
192.8152	0.000000e+00
193.2845	0.000000e+00
193.7539	0.000000e+00
194.2231	0.000000e+00
194.6924	0.000000e+00
195.1616	0.000000e+00
195.6307	0.000000e+00
196.0998	0.000000e+00
196.5688	0.000000e+00
197.0378	0.000000e+00
197.5068	0.000000e+00
197.9757	0.000000e+00
198.4445	0.000000e+00
198.9133	0.000000e+00
199.3821	0.000000e+00
199.8508	0.000000e+00
200.3194	0.000000e+00
200.7881	0.000000e+00
201.2566	0.000000e+00
201.7251	0.000000e+00
202.1936	0.000000e+00
202.6620	0.000000e+00
203.1304	0.000000e+00
203.5987	0.000000e+00
204.0670	0.000000e+00
204.5352	0.000000e+00
205.0033	0.000000e+00
205.4715	0.000000e+00
205.9395	0.000000e+00
206.4076	0.000000e+00
206.8756	0.000000e+00
207.3435	0.000000e+00
207.8114	0.000000e+00
208.2792	0.000000e+00
208.7470	0.000000e+00
209.2147	0.000000e+00
209.6824	0.000000e+00
210.1500	0.000000e+00
210.6176	0.000000e+00
211.0852	0.000000e+00
211.5527	0.000000e+00
212.0201	0.000000e+00
212.4875	0.000000e+00
212.9549	0.000000e+00
213.4222	0.000000e+00
213.8894	0.000000e+00
214.3566	0.000000e+00
214.8238	0.000000e+00
215.2909	0.000000e+00
215.7579	0.000000e+00
216.2249	0.000000e+00
216.6919	0.000000e+00
217.1588	0.000000e+00
217.6257	0.000000e+00
218.0925	0.000000e+00
218.5592	0.000000e+00
219.0260	0.000000e+00
219.4926	0.000000e+00
219.9592	0.000000e+00
220.4258	0.000000e+00
220.8923	0.000000e+00
221.3588	0.000000e+00
221.8252	0.000000e+00
222.2916	0.000000e+00
222.7579	0.000000e+00
223.2242	0.000000e+00
223.6904	0.000000e+00
224.1566	0.000000e+00
224.6227	0.000000e+00
225.0888	0.000000e+00
225.5548	0.000000e+00
226.0208	0.000000e+00
226.4868	0.000000e+00
226.9526	0.000000e+00
227.4185	0.000000e+00
227.8843	0.000000e+00
228.3500	0.000000e+00
228.8157	0.000000e+00
229.2813	0.000000e+00
229.7469	0.000000e+00
230.2125	0.000000e+00
230.6780	0.000000e+00
231.1434	0.000000e+00
231.6088	0.000000e+00
232.0742	0.000000e+00
232.5395	0.000000e+00
233.0047	0.000000e+00
233.4699	0.000000e+00
233.9351	0.000000e+00
234.4002	0.000000e+00
234.8652	0.000000e+00
235.3302	0.000000e+00
235.7952	0.000000e+00
236.2601	0.000000e+00
236.7249	0.000000e+00
237.1897	0.000000e+00
237.6545	0.000000e+00
238.1192	0.000000e+00
238.5839	0.000000e+00
239.0485	0.000000e+00
239.5130	0.000000e+00
239.9776	0.000000e+00
240.4420	0.000000e+00
240.9064	0.000000e+00
241.3708	0.000000e+00
241.8351	0.000000e+00
242.2994	0.000000e+00
242.7636	0.000000e+00
243.2278	0.000000e+00
243.6919	0.000000e+00
244.1560	0.000000e+00
244.6200	0.000000e+00
245.0839	0.000000e+00
245.5479	0.000000e+00
246.0117	0.000000e+00
246.4756	0.000000e+00
246.9393	0.000000e+00
247.4031	0.000000e+00
247.8667	0.000000e+00
248.3304	0.000000e+00
248.7939	0.000000e+00
249.2575	0.000000e+00
249.7209	0.000000e+00
250.1844	0.000000e+00
250.6478	0.000000e+00
251.1111	0.000000e+00
251.5744	0.000000e+00
252.0376	0.000000e+00
252.5008	0.000000e+00
252.9639	0.000000e+00
253.4270	0.000000e+00
253.8900	0.000000e+00
254.3530	0.000000e+00
254.8160	0.000000e+00
255.2788	0.000000e+00
255.7417	0.000000e+00
256.2045	0.000000e+00
256.6672	0.000000e+00
257.1299	0.000000e+00
257.5925	0.000000e+00
258.0551	0.000000e+00
258.5176	0.000000e+00
258.9801	0.000000e+00
259.4426	0.000000e+00
259.9050	0.000000e+00
260.3673	0.000000e+00
260.8296	0.000000e+00
261.2918	0.000000e+00
261.7540	0.000000e+00
262.2162	0.000000e+00
262.6783	0.000000e+00
263.1403	0.000000e+00
263.6023	0.000000e+00
264.0642	0.000000e+00
264.5261	0.000000e+00
264.9880	0.000000e+00
265.4498	0.000000e+00
265.9115	0.000000e+00
266.3732	0.000000e+00
266.8349	0.000000e+00
267.2965	0.000000e+00
267.7580	0.000000e+00
268.2195	0.000000e+00
268.6809	0.000000e+00
269.1423	0.000000e+00
269.6037	0.000000e+00
270.0650	0.000000e+00
270.5262	0.000000e+00
270.9874	0.000000e+00
271.4486	0.000000e+00
271.9097	0.000000e+00
272.3707	0.000000e+00
272.8317	0.000000e+00
273.2927	0.000000e+00
273.7536	0.000000e+00
274.2144	0.000000e+00
274.6752	0.000000e+00
275.1360	0.000000e+00
275.5967	0.000000e+00
276.0573	0.000000e+00
276.5179	0.000000e+00
276.9785	0.000000e+00
277.4390	0.000000e+00
277.8994	0.000000e+00
278.3598	0.000000e+00
278.8202	0.000000e+00
279.2805	0.000000e+00
279.7407	0.000000e+00
280.2009	0.000000e+00
280.6611	0.000000e+00
281.1212	0.000000e+00
281.5812	0.000000e+00
282.0412	0.000000e+00
282.5011	0.000000e+00
282.9610	0.000000e+00
283.4209	0.000000e+00
283.8807	0.000000e+00
284.3404	0.000000e+00
284.8001	0.000000e+00
285.2598	0.000000e+00
285.7194	0.000000e+00
286.1789	0.000000e+00
286.6384	0.000000e+00
287.0979	0.000000e+00
287.5573	0.000000e+00
288.0166	0.000000e+00
288.4759	0.000000e+00
288.9352	0.000000e+00
289.3944	0.000000e+00
289.8535	0.000000e+00
290.3126	0.000000e+00
290.7717	0.000000e+00
291.2307	0.000000e+00
291.6896	0.000000e+00
292.1485	0.000000e+00
292.6074	0.000000e+00
293.0661	0.000000e+00
293.5249	0.000000e+00
293.9836	0.000000e+00
294.4422	0.000000e+00
294.9008	0.000000e+00
295.3594	0.000000e+00
295.8179	0.000000e+00
296.2763	0.000000e+00
296.7347	0.000000e+00
297.1930	0.000000e+00
297.6513	0.000000e+00
298.1096	0.000000e+00
298.5678	0.000000e+00
299.0259	0.000000e+00
299.4840	0.000000e+00
299.9420	0.000000e+00
300.4000	0.000000e+00
300.8580	0.000000e+00
301.3159	0.000000e+00
301.7737	0.000000e+00
302.2315	0.000000e+00
302.6892	0.000000e+00
303.1469	0.000000e+00
303.6045	0.000000e+00
304.0621	0.000000e+00
304.5197	0.000000e+00
304.9772	0.000000e+00
305.4346	0.000000e+00
305.8920	0.000000e+00
306.3493	0.000000e+00
306.8066	0.000000e+00
307.2638	0.000000e+00
307.7210	0.000000e+00
308.1781	0.000000e+00
308.6352	0.000000e+00
309.0922	0.000000e+00
309.5492	0.000000e+00
310.0062	0.000000e+00
310.4630	0.000000e+00
310.9199	0.000000e+00
311.3766	0.000000e+00
311.8334	0.000000e+00
312.2900	0.000000e+00
312.7467	0.000000e+00
313.2032	0.000000e+00
313.6598	0.000000e+00
314.1162	0.000000e+00
314.5727	0.000000e+00
315.0290	0.000000e+00
315.4853	0.000000e+00
315.9416	0.000000e+00
316.3978	0.000000e+00
316.8540	0.000000e+00
317.3101	0.000000e+00
317.7662	0.000000e+00
318.2222	0.000000e+00
318.6782	0.000000e+00
319.1341	0.000000e+00
319.5899	0.000000e+00
320.0458	0.000000e+00
320.5015	0.000000e+00
320.9572	0.000000e+00
321.4129	0.000000e+00
321.8685	0.000000e+00
322.3241	0.000000e+00
322.7796	0.000000e+00
323.2350	0.000000e+00
323.6904	0.000000e+00
324.1458	0.000000e+00
324.6011	0.000000e+00
325.0563	0.000000e+00
325.5115	0.000000e+00
325.9667	0.000000e+00
326.4218	0.000000e+00
326.8768	0.000000e+00
327.3318	0.000000e+00
327.7868	0.000000e+00
328.2417	0.000000e+00
328.6965	0.000000e+00
329.1513	0.000000e+00
329.6061	0.000000e+00
330.0608	0.000000e+00
330.5154	0.000000e+00
330.9700	0.000000e+00
331.4245	0.000000e+00
331.8790	0.000000e+00
332.3335	0.000000e+00
332.7878	0.000000e+00
333.2422	0.000000e+00
333.6965	0.000000e+00
334.1507	0.000000e+00
334.6049	0.000000e+00
335.0590	0.000000e+00
335.5131	0.000000e+00
335.9671	0.000000e+00
336.4211	0.000000e+00
336.8750	0.000000e+00
337.3289	0.000000e+00
337.7827	0.000000e+00
338.2365	0.000000e+00
338.6902	0.000000e+00
339.1439	0.000000e+00
339.5975	0.000000e+00
340.0510	0.000000e+00
340.5046	0.000000e+00
340.9580	0.000000e+00
341.4114	0.000000e+00
341.8648	0.000000e+00
342.3181	0.000000e+00
342.7714	0.000000e+00
343.2246	0.000000e+00
343.6777	0.000000e+00
344.1308	0.000000e+00
344.5839	0.000000e+00
345.0369	0.000000e+00
345.4898	0.000000e+00
345.9427	0.000000e+00
346.3956	0.000000e+00
346.8484	0.000000e+00
347.3011	0.000000e+00
347.7538	0.000000e+00
348.2065	0.000000e+00
348.6590	0.000000e+00
349.1116	0.000000e+00
349.5641	0.000000e+00
350.0165	0.000000e+00
350.4689	0.000000e+00
350.9212	0.000000e+00
351.3735	0.000000e+00
351.8257	0.000000e+00
352.2779	0.000000e+00
352.7300	0.000000e+00
353.1821	0.000000e+00
353.6341	0.000000e+00
354.0861	0.000000e+00
354.5380	0.000000e+00
354.9899	0.000000e+00
355.4417	0.000000e+00
355.8935	0.000000e+00
356.3452	0.000000e+00
356.7969	0.000000e+00
357.2485	0.000000e+00
357.7000	0.000000e+00
358.1515	0.000000e+00
358.6030	0.000000e+00
359.0544	0.000000e+00
359.5058	0.000000e+00
359.9571	0.000000e+00
360.4083	0.000000e+00
360.8595	0.000000e+00
361.3107	0.000000e+00
361.7617	0.000000e+00
362.2128	0.000000e+00
362.6638	0.000000e+00
363.1147	0.000000e+00
363.5656	0.000000e+00
364.0164	0.000000e+00
364.4672	0.000000e+00
364.9180	0.000000e+00
365.3686	0.000000e+00
365.8193	0.000000e+00
366.2698	0.000000e+00
366.7204	0.000000e+00
367.1708	0.000000e+00
367.6213	0.000000e+00
368.0716	0.000000e+00
368.5219	0.000000e+00
368.9722	0.000000e+00
369.4224	0.000000e+00
369.8726	0.000000e+00
370.3227	0.000000e+00
370.7728	0.000000e+00
371.2228	0.000000e+00
371.6727	0.000000e+00
372.1226	0.000000e+00
372.5725	0.000000e+00
373.0223	0.000000e+00
373.4720	0.000000e+00
373.9217	0.000000e+00
374.3713	0.000000e+00
374.8209	0.000000e+00
375.2705	0.000000e+00
375.7200	0.000000e+00
376.1694	0.000000e+00
376.6188	0.000000e+00
377.0681	0.000000e+00
377.5174	0.000000e+00
377.9666	0.000000e+00
378.4158	0.000000e+00
378.8649	0.000000e+00
379.3140	0.000000e+00
379.7630	0.000000e+00
380.2120	0.000000e+00
380.6609	0.000000e+00
381.1097	0.000000e+00
381.5585	0.000000e+00
382.0073	0.000000e+00
382.4560	0.000000e+00
382.9047	0.000000e+00
383.3533	0.000000e+00
383.8018	0.000000e+00
384.2503	0.000000e+00
384.6987	0.000000e+00
385.1471	0.000000e+00
385.5955	0.000000e+00
386.0438	0.000000e+00
386.4920	0.000000e+00
386.9402	0.000000e+00
387.3883	0.000000e+00
387.8364	0.000000e+00
388.2844	0.000000e+00
388.7324	0.000000e+00
389.1803	0.000000e+00
389.6282	0.000000e+00
390.0760	0.000000e+00
390.5237	0.000000e+00
390.9715	0.000000e+00
391.4191	0.000000e+00
391.8667	0.000000e+00
392.3143	0.000000e+00
392.7618	0.000000e+00
393.2092	0.000000e+00
393.6566	0.000000e+00
394.1040	0.000000e+00
394.5513	0.000000e+00
394.9985	0.000000e+00
395.4457	0.000000e+00
395.8928	0.000000e+00
396.3399	0.000000e+00
396.7869	0.000000e+00
397.2339	0.000000e+00
397.6808	0.000000e+00
398.1277	0.000000e+00
398.5745	0.000000e+00
399.0213	0.000000e+00
399.4680	0.000000e+00
399.9147	0.000000e+00
400.3613	0.000000e+00
400.8078	0.000000e+00
401.2543	0.000000e+00
401.7008	0.000000e+00
402.1472	0.000000e+00
402.5935	0.000000e+00
403.0398	0.000000e+00
403.4861	0.000000e+00
403.9323	0.000000e+00
404.3784	0.000000e+00
404.8245	0.000000e+00
405.2705	0.000000e+00
405.7165	0.000000e+00
406.1624	0.000000e+00
406.6083	0.000000e+00
407.0541	0.000000e+00
407.4999	0.000000e+00
407.9456	0.000000e+00
408.3913	0.000000e+00
408.8369	0.000000e+00
409.2824	0.000000e+00
409.7279	0.000000e+00
410.1734	0.000000e+00
410.6188	0.000000e+00
411.0641	0.000000e+00
411.5094	0.000000e+00
411.9546	0.000000e+00
412.3998	0.000000e+00
412.8450	0.000000e+00
413.2900	0.000000e+00
413.7351	0.000000e+00
414.1800	0.000000e+00
414.6250	0.000000e+00
415.0698	0.000000e+00
415.5147	0.000000e+00
415.9594	0.000000e+00
416.4041	0.000000e+00
416.8488	0.000000e+00
417.2934	0.000000e+00
417.7379	0.000000e+00
418.1824	0.000000e+00
418.6269	0.000000e+00
419.0713	0.000000e+00
419.5156	0.000000e+00
419.9599	0.000000e+00
420.4041	0.000000e+00
420.8483	0.000000e+00
421.2925	0.000000e+00
421.7365	0.000000e+00
422.1806	0.000000e+00
422.6245	0.000000e+00
423.0684	0.000000e+00
423.5123	0.000000e+00
423.9561	0.000000e+00
424.3999	0.000000e+00
424.8436	0.000000e+00
425.2872	2.920281e-01
425.7308	2.801722e-01
426.1744	2.707607e-01
426.6179	2.638446e-01
427.0613	2.588047e-01
427.5047	2.552923e-01
427.9480	2.528403e-01
428.3913	2.511406e-01
428.8345	2.499231e-01
429.2777	2.491860e-01
429.7208	2.483005e-01
430.1639	2.468875e-01
430.6069	2.455887e-01
431.0498	2.443290e-01
431.4928	2.428573e-01
431.9356	2.417428e-01
432.3784	2.403136e-01
432.8212	2.389604e-01
433.2638	2.375025e-01
433.7065	2.363900e-01
434.1491	2.355285e-01
434.5916	2.343971e-01
435.0341	2.331143e-01
435.4765	2.320367e-01
435.9189	2.310363e-01
436.3612	2.302579e-01
436.8035	2.295034e-01
437.2457	2.290448e-01
437.6878	2.285218e-01
438.1300	2.282034e-01
438.5720	2.276661e-01
439.0140	2.269980e-01
439.4560	2.265776e-01
439.8978	2.260720e-01
440.3397	2.259853e-01
440.7815	2.258962e-01
441.2232	2.253765e-01
441.6649	2.253892e-01
442.1065	2.255094e-01
442.5481	2.256574e-01
442.9896	2.256753e-01
443.4311	2.258466e-01
443.8725	2.261725e-01
444.3138	2.268337e-01
444.7551	2.269866e-01
445.1964	2.271237e-01
445.6376	2.275437e-01
446.0787	2.277984e-01
446.5198	2.274288e-01
446.9609	2.272232e-01
447.4018	2.268617e-01
447.8428	2.265187e-01
448.2837	2.261546e-01
448.7245	2.255704e-01
449.1652	2.250016e-01
449.6060	2.242877e-01
450.0466	2.235538e-01
450.4872	2.224666e-01
450.9278	2.215712e-01
451.3683	2.207862e-01
451.8087	2.199799e-01
452.2491	2.188654e-01
452.6895	2.172796e-01
453.1297	2.161754e-01
453.5700	2.146300e-01
454.0102	2.132231e-01
454.4503	2.117097e-01
454.8904	2.097717e-01
455.3304	2.081515e-01
455.7703	2.066365e-01
456.2102	2.047751e-01
456.6501	2.029321e-01
457.0899	2.015379e-01
457.5296	1.998356e-01
457.9693	1.981111e-01
458.4090	1.966235e-01
458.8486	1.952802e-01
459.2881	1.940512e-01
459.7276	1.928864e-01
460.1670	1.913637e-01
460.6064	1.899097e-01
461.0457	1.887810e-01
461.4850	1.875410e-01
461.9242	1.862873e-01
462.3633	1.850615e-01
462.8024	1.840892e-01
463.2415	1.830514e-01
463.6805	1.819218e-01
464.1194	1.809401e-01
464.5583	1.797933e-01
464.9971	1.788354e-01
465.4359	1.779778e-01
465.8746	1.772058e-01
466.3133	1.762313e-01
466.7519	1.753002e-01
467.1905	1.742378e-01
467.6290	1.730871e-01
468.0674	1.721080e-01
468.5058	1.711979e-01
468.9442	1.701342e-01
469.3825	1.689237e-01
469.8207	1.676330e-01
470.2589	1.662731e-01
470.6970	1.649022e-01
471.1351	1.633580e-01
471.5731	1.616053e-01
472.0111	1.600142e-01
472.4490	1.584870e-01
472.8869	1.567962e-01
473.3247	1.551117e-01
473.7624	1.534240e-01
474.2001	1.516514e-01
474.6378	1.498328e-01
475.0753	1.479488e-01
475.5129	1.461680e-01
475.9504	1.444289e-01
476.3878	1.428155e-01
476.8252	1.411079e-01
477.2625	1.393585e-01
477.6997	1.376163e-01
478.1369	1.359033e-01
478.5741	1.341831e-01
479.0112	1.325984e-01
479.4482	1.310629e-01
479.8852	1.295234e-01
480.3222	1.279970e-01
480.7591	1.265970e-01
481.1959	1.252987e-01
481.6327	1.240204e-01
482.0694	1.228109e-01
482.5060	1.216481e-01
482.9426	1.206195e-01
483.3792	1.196892e-01
483.8157	1.187911e-01
484.2522	1.178464e-01
484.6885	1.169199e-01
485.1249	1.161064e-01
485.5612	1.152386e-01
485.9974	1.144393e-01
486.4336	1.136655e-01
486.8697	1.129111e-01
487.3058	1.121452e-01
487.7418	1.114124e-01
488.1777	1.106477e-01
488.6136	1.099187e-01
489.0495	1.092998e-01
489.4853	1.086832e-01
489.9210	1.080684e-01
490.3567	1.074611e-01
490.7923	1.069328e-01
491.2279	1.064296e-01
491.6634	1.059864e-01
492.0989	1.055957e-01
492.5343	1.051386e-01
492.9697	1.047504e-01
493.4050	1.044275e-01
493.8402	1.041393e-01
494.2754	1.038519e-01
494.7106	1.035903e-01
495.1456	1.033441e-01
495.5807	1.030697e-01
496.0156	1.028592e-01
496.4506	1.026661e-01
496.8854	1.024988e-01
497.3202	1.022649e-01
497.7550	1.021404e-01
498.1897	1.019977e-01
498.6243	1.018339e-01
499.0589	1.017191e-01
499.4935	1.016366e-01
499.9280	1.015710e-01
500.3624	1.015646e-01
500.7968	1.015344e-01
501.2311	1.014816e-01
501.6653	1.014276e-01
502.0996	1.013767e-01
502.5337	1.013366e-01
502.9678	1.012469e-01
503.4019	1.011749e-01
503.8358	1.010604e-01
504.2698	1.009236e-01
504.7037	1.007329e-01
505.1375	1.005687e-01
505.5713	1.004578e-01
506.0050	1.003376e-01
506.4386	1.002710e-01
506.8722	1.002102e-01
507.3058	1.001209e-01
507.7393	1.000920e-01
508.1727	1.000854e-01
508.6061	1.001107e-01
509.0394	1.001006e-01
509.4727	1.000603e-01
509.9059	1.000082e-01
510.3391	9.999747e-02
510.7722	1.000204e-01
511.2053	1.000021e-01
511.6383	9.994565e-02
512.0712	9.988380e-02
512.5041	9.979219e-02
512.9369	9.979650e-02
513.3697	9.974610e-02
513.8024	9.965362e-02
514.2351	9.960267e-02
514.6677	9.953587e-02
515.1003	9.942994e-02
515.5328	9.931052e-02
515.9653	9.919825e-02
516.3976	9.916472e-02
516.8300	9.914376e-02
517.2623	9.911855e-02
517.6945	9.902553e-02
518.1267	9.892787e-02
518.5588	9.879517e-02
518.9909	9.870380e-02
519.4229	9.869340e-02
519.8548	9.870897e-02
520.2867	9.876733e-02
520.7186	9.882011e-02
521.1504	9.888773e-02
521.5821	9.898120e-02
522.0138	9.903568e-02
522.4454	9.908396e-02
522.8770	9.914482e-02
523.3085	9.916816e-02
523.7399	9.921038e-02
524.1713	9.920749e-02
524.6027	9.920866e-02
525.0340	9.926445e-02
525.4652	9.933234e-02
525.8964	9.937759e-02
526.3275	9.938890e-02
526.7586	9.938322e-02
527.1896	9.940516e-02
527.6206	9.946008e-02
528.0515	9.957950e-02
528.4823	9.965953e-02
528.9131	9.976960e-02
529.3438	9.989026e-02
529.7745	1.000062e-01
530.2051	1.000924e-01
530.6357	1.002052e-01
531.0662	1.004412e-01
531.4967	1.006632e-01
531.9271	1.008508e-01
532.3574	1.009805e-01
532.7877	1.011178e-01
533.2180	1.012626e-01
533.6482	1.013955e-01
534.0783	1.015802e-01
534.5084	1.018118e-01
534.9384	1.020674e-01
535.3683	1.022256e-01
535.7982	1.024040e-01
536.2281	1.025964e-01
536.6579	1.027965e-01
537.0876	1.029115e-01
537.5173	1.031145e-01
537.9469	1.033397e-01
538.3765	1.035160e-01
538.8060	1.037106e-01
539.2355	1.039080e-01
539.6649	1.041427e-01
540.0942	1.043800e-01
540.5235	1.045954e-01
540.9528	1.048124e-01
541.3819	1.050242e-01
541.8111	1.052026e-01
542.2401	1.054155e-01
542.6692	1.056465e-01
543.0981	1.058331e-01
543.5270	1.060151e-01
543.9559	1.062073e-01
544.3847	1.063748e-01
544.8134	1.065452e-01
545.2421	1.066727e-01
545.6707	1.067706e-01
546.0993	1.069203e-01
546.5278	1.070025e-01
546.9562	1.070483e-01
547.3846	1.070524e-01
547.8130	1.070556e-01
548.2413	1.071025e-01
548.6695	1.071721e-01
549.0977	1.072287e-01
549.5258	1.072457e-01
549.9539	1.072688e-01
550.3819	1.072989e-01
550.8099	1.074288e-01
551.2378	1.074441e-01
551.6656	1.074777e-01
552.0934	1.076151e-01
552.5211	1.077842e-01
552.9488	1.079592e-01
553.3764	1.080863e-01
553.8040	1.081912e-01
554.2315	1.083320e-01
554.6589	1.084904e-01
555.0863	1.086867e-01
555.5137	1.088321e-01
555.9410	1.089504e-01
556.3682	1.090420e-01
556.7953	1.091414e-01
557.2225	1.092771e-01
557.6495	1.094325e-01
558.0765	1.095363e-01
558.5035	1.096672e-01
558.9304	1.097927e-01
559.3572	1.099237e-01
559.7840	1.099637e-01
560.2107	1.100358e-01
560.6374	1.100887e-01
561.0640	1.101235e-01
561.4905	1.101313e-01
561.9170	1.100623e-01
562.3435	1.099440e-01
562.7699	1.098104e-01
563.1962	1.096566e-01
563.6225	1.095602e-01
564.0487	1.094092e-01
564.4748	1.092204e-01
564.9010	1.089801e-01
565.3270	1.087912e-01
565.7530	1.086333e-01
566.1789	1.084656e-01
566.6048	1.083187e-01
567.0306	1.081908e-01
567.4564	1.081178e-01
567.8821	1.080194e-01
568.3078	1.079369e-01
568.7334	1.079630e-01
569.1589	1.080042e-01
569.5844	1.081342e-01
570.0098	1.082620e-01
570.4352	1.084027e-01
570.8605	1.085900e-01
571.2858	1.088625e-01
571.7110	1.090978e-01
572.1361	1.094907e-01
572.5612	1.099156e-01
572.9863	1.102937e-01
573.4112	1.106804e-01
573.8362	1.111040e-01
574.2610	1.115849e-01
574.6858	1.120882e-01
575.1106	1.126278e-01
575.5353	1.131093e-01
575.9599	1.136196e-01
576.3845	1.140690e-01
576.8090	1.145143e-01
577.2335	1.150178e-01
577.6579	1.154865e-01
578.0823	1.160059e-01
578.5066	1.165315e-01
578.9308	1.170773e-01
579.3550	1.176012e-01
579.7791	1.181040e-01
580.2032	1.185815e-01
580.6272	1.191532e-01
581.0512	1.196600e-01
581.4751	1.201731e-01
581.8990	1.206822e-01
582.3228	1.212030e-01
582.7465	1.216943e-01
583.1702	1.222100e-01
583.5938	1.227764e-01
584.0174	1.232982e-01
584.4409	1.238241e-01
584.8643	1.242758e-01
585.2877	1.247039e-01
585.7111	1.251980e-01
586.1343	1.256913e-01
586.5576	1.261287e-01
586.9807	1.265602e-01
587.4038	1.269861e-01
587.8269	1.273673e-01
588.2499	1.277987e-01
588.6728	1.282300e-01
589.0957	1.286475e-01
589.5186	1.290875e-01
589.9413	1.295386e-01
590.3640	1.299330e-01
590.7867	1.303180e-01
591.2093	1.306191e-01
591.6318	1.309977e-01
592.0543	1.314082e-01
592.4768	1.316677e-01
592.8991	1.319202e-01
593.3215	1.321119e-01
593.7437	1.322984e-01
594.1659	1.325206e-01
594.5881	1.326926e-01
595.0102	1.327546e-01
595.4322	1.327972e-01
595.8542	1.327519e-01
596.2761	1.326505e-01
596.6979	1.325252e-01
597.1198	1.323011e-01
597.5415	1.319959e-01
597.9632	1.317240e-01
598.3848	1.313858e-01
598.8064	1.309785e-01
599.2279	1.305180e-01
599.6494	1.300155e-01
600.0708	1.295027e-01
600.4921	1.289985e-01
600.9134	1.284844e-01
601.3347	1.280224e-01
601.7558	1.275371e-01
602.1770	1.271505e-01
602.5980	1.268482e-01
603.0190	1.266173e-01
603.4400	1.263919e-01
603.8609	1.263095e-01
604.2817	1.262726e-01
604.7025	1.263025e-01
605.1232	1.264117e-01
605.5439	1.265551e-01
605.9645	1.267486e-01
606.3850	1.270661e-01
606.8055	1.273772e-01
607.2260	1.277684e-01
607.6463	1.283132e-01
608.0667	1.288823e-01
608.4869	1.294980e-01
608.9071	1.301889e-01
609.3273	1.309268e-01
609.7474	1.316789e-01
610.1674	1.324408e-01
610.5874	1.332076e-01
611.0073	1.340409e-01
611.4272	1.349092e-01
611.8470	1.357229e-01
612.2667	1.365488e-01
612.6864	1.373931e-01
613.1061	1.382299e-01
613.5256	1.391256e-01
613.9452	1.398892e-01
614.3646	1.406872e-01
614.7840	1.415214e-01
615.2034	1.422928e-01
615.6227	1.430528e-01
616.0419	1.438077e-01
616.4611	1.445469e-01
616.8802	1.453132e-01
617.2992	1.460803e-01
617.7183	1.467838e-01
618.1372	1.474771e-01
618.5561	1.482170e-01
618.9749	1.489412e-01
619.3937	1.495690e-01
619.8124	1.502117e-01
620.2311	1.508919e-01
620.6497	1.515693e-01
621.0682	1.522076e-01
621.4867	1.528561e-01
621.9051	1.535735e-01
622.3235	1.542120e-01
622.7418	1.549941e-01
623.1601	1.557156e-01
623.5783	1.564035e-01
623.9964	1.571206e-01
624.4145	1.577632e-01
624.8325	1.584749e-01
625.2505	1.591310e-01
625.6684	1.598519e-01
626.0862	1.605270e-01
626.5040	1.612554e-01
626.9218	1.619004e-01
627.3395	1.625632e-01
627.7571	1.632651e-01
628.1746	1.640353e-01
628.5921	1.647432e-01
629.0096	1.654396e-01
629.4270	1.660558e-01
629.8443	1.666834e-01
630.2616	1.673545e-01
630.6788	1.679152e-01
631.0960	1.686029e-01
631.5131	1.692220e-01
631.9301	1.699145e-01
632.3471	1.706064e-01
632.7640	1.712121e-01
633.1809	1.719161e-01
633.5977	1.725475e-01
634.0145	1.732341e-01
634.4312	1.739118e-01
634.8478	1.747094e-01
635.2644	1.754418e-01
635.6809	1.762066e-01
636.0974	1.769585e-01
636.5138	1.776528e-01
636.9302	1.783246e-01
637.3465	1.790900e-01
637.7627	1.797963e-01
638.1789	1.805368e-01
638.5950	1.812585e-01
639.0111	1.819970e-01
639.4271	1.827120e-01
639.8430	1.833890e-01
640.2589	1.841531e-01
640.6747	1.848210e-01
641.0905	1.855149e-01
641.5062	1.863470e-01
641.9219	1.871488e-01
642.3375	1.879140e-01
642.7530	1.886661e-01
643.1685	1.894838e-01
643.5839	1.903048e-01
643.9993	1.910662e-01
644.4146	1.918491e-01
644.8298	1.925734e-01
645.2450	1.932860e-01
645.6602	1.940199e-01
646.0752	1.947465e-01
646.4903	1.955352e-01
646.9052	1.962551e-01
647.3201	1.970478e-01
647.7350	1.976694e-01
648.1498	1.983887e-01
648.5645	1.991071e-01
648.9791	1.997752e-01
649.3938	2.005254e-01
649.8083	2.011705e-01
650.2228	2.017673e-01
650.6372	2.023928e-01
651.0516	2.030732e-01
651.4659	2.038454e-01
651.8802	2.045255e-01
652.2944	2.051165e-01
652.7086	2.058839e-01
653.1226	2.064832e-01
653.5367	2.070592e-01
653.9506	2.075605e-01
654.3646	2.081432e-01
654.7784	2.086823e-01
655.1922	2.092972e-01
655.6059	2.099062e-01
656.0196	2.104418e-01
656.4332	2.109315e-01
656.8468	2.114881e-01
657.2603	2.120466e-01
657.6738	2.126152e-01
658.0871	2.130525e-01
658.5005	2.136559e-01
658.9137	2.142701e-01
659.3270	2.149108e-01
659.7401	2.155220e-01
660.1532	2.160486e-01
660.5662	2.167044e-01
660.9792	2.174436e-01
661.3921	2.180565e-01
661.8050	2.187059e-01
662.2178	2.192419e-01
662.6306	2.199247e-01
663.0432	2.206140e-01
663.4559	2.212889e-01
663.8684	2.219139e-01
664.2810	2.224632e-01
664.6934	2.230395e-01
665.1058	2.237705e-01
665.5181	2.244507e-01
665.9304	2.251749e-01
666.3426	2.258368e-01
666.7548	2.265744e-01
667.1669	2.271983e-01
667.5789	2.278127e-01
667.9909	2.285126e-01
668.4028	2.292224e-01
668.8147	2.299313e-01
669.2265	2.306874e-01
669.6383	2.314617e-01
670.0500	2.322269e-01
670.4616	2.328375e-01
670.8732	2.335281e-01
671.2847	2.341799e-01
671.6961	2.350050e-01
672.1075	2.358702e-01
672.5189	2.366688e-01
672.9302	2.375752e-01
673.3414	2.384416e-01
673.7525	2.392287e-01
674.1637	2.401926e-01
674.5747	2.410290e-01
674.9857	2.418761e-01
675.3966	2.427340e-01
675.8075	2.436695e-01
676.2183	2.445278e-01
676.6290	2.455004e-01
677.0397	2.464082e-01
677.4504	2.473344e-01
677.8609	2.481428e-01
678.2715	2.489889e-01
678.6819	2.498957e-01
679.0923	2.509191e-01
679.5027	2.518685e-01
679.9129	2.529093e-01
680.3232	2.539621e-01
680.7333	2.549611e-01
681.1434	2.560180e-01
681.5535	2.570203e-01
681.9635	2.579975e-01
682.3734	2.591000e-01
682.7833	2.601371e-01
683.1931	2.612274e-01
683.6028	2.623413e-01
684.0125	2.634113e-01
684.4221	2.644458e-01
684.8317	2.656738e-01
685.2412	2.667790e-01
685.6507	2.679730e-01
686.0601	2.691067e-01
686.4694	2.703507e-01
686.8787	2.716203e-01
687.2879	2.726722e-01
687.6971	2.737064e-01
688.1062	2.747982e-01
688.5152	2.758514e-01
688.9242	2.767855e-01
689.3331	2.777417e-01
689.7420	2.786822e-01
690.1508	2.796803e-01
690.5596	2.806153e-01
690.9682	2.814556e-01
691.3769	2.823922e-01
691.7854	2.833271e-01
692.1940	2.841286e-01
692.6024	2.849887e-01
693.0108	2.858891e-01
693.4191	2.869629e-01
693.8274	2.880057e-01
694.2356	2.891834e-01
694.6438	2.903080e-01
695.0519	2.914192e-01
695.4599	2.923399e-01
695.8679	2.933267e-01
696.2758	2.943967e-01
696.6837	2.954873e-01
697.0915	2.965682e-01
697.4992	2.976919e-01
697.9069	2.989079e-01
698.3145	3.000241e-01
698.7221	3.011559e-01
699.1296	3.023100e-01
699.5370	3.034034e-01
699.9444	3.045906e-01
700.3517	3.057144e-01
700.7590	3.069507e-01
701.1662	3.080570e-01
701.5734	3.093915e-01
701.9804	3.104713e-01
702.3875	3.116262e-01
702.7944	3.128074e-01
703.2014	3.140279e-01
703.6082	3.152274e-01
704.0150	3.166148e-01
704.4217	3.181691e-01
704.8284	3.195176e-01
705.2350	3.208285e-01
705.6416	3.222609e-01
706.0481	3.235585e-01
706.4545	3.248395e-01
706.8609	3.261503e-01
707.2672	3.274256e-01
707.6734	3.286517e-01
708.0796	3.300005e-01
708.4858	3.313386e-01
708.8918	3.326744e-01
709.2979	3.340452e-01
709.7038	3.354428e-01
710.1097	3.367235e-01
710.5156	3.381790e-01
710.9213	3.397281e-01
711.3271	3.412026e-01
711.7327	3.426922e-01
712.1383	3.442009e-01
712.5439	3.457561e-01
712.9493	3.472265e-01
713.3548	3.486230e-01
713.7601	3.500355e-01
714.1654	3.515016e-01
714.5707	3.531120e-01
714.9758	3.546924e-01
715.3810	3.562413e-01
715.7860	3.576978e-01
716.1910	3.592183e-01
716.5960	3.607416e-01
717.0009	3.620583e-01
717.4057	3.635584e-01
717.8104	3.649243e-01
718.2152	3.662978e-01
718.6198	3.678182e-01
719.0244	3.692071e-01
719.4289	3.706691e-01
719.8334	3.720502e-01
720.2378	3.734864e-01
720.6421	3.748106e-01
721.0464	3.762655e-01
721.4506	3.773832e-01
721.8548	3.785977e-01
722.2589	3.799441e-01
722.6630	3.812149e-01
723.0669	3.825281e-01
723.4709	3.839959e-01
723.8747	3.855797e-01
724.2785	3.870492e-01
724.6823	3.884677e-01
725.0860	3.897823e-01
725.4896	3.912526e-01
725.8932	3.927044e-01
726.2967	3.942709e-01
726.7001	3.958660e-01
727.1035	3.974111e-01
727.5068	3.989851e-01
727.9101	4.007101e-01
728.3133	4.024288e-01
728.7165	4.040081e-01
729.1195	4.058003e-01
729.5226	4.075092e-01
729.9255	4.092756e-01
730.3284	4.110252e-01
730.7313	4.126584e-01
731.1341	4.145270e-01
731.5368	4.161319e-01
731.9395	4.176999e-01
732.3421	4.191880e-01
732.7446	4.206339e-01
733.1471	4.221637e-01
733.5495	4.237707e-01
733.9519	4.253192e-01
734.3542	4.271216e-01
734.7564	4.288547e-01
735.1586	4.305741e-01
735.5608	4.321623e-01
735.9628	4.340063e-01
736.3648	4.358772e-01
736.7668	4.376914e-01
737.1687	4.396457e-01
737.5705	4.415020e-01
737.9722	4.434381e-01
738.3739	4.454544e-01
738.7756	4.473862e-01
739.1772	4.494868e-01
739.5787	4.513430e-01
739.9802	4.534646e-01
740.3816	4.556825e-01
740.7829	4.578656e-01
741.1842	4.600057e-01
741.5854	4.616763e-01
741.9866	4.635792e-01
742.3877	4.652786e-01
742.7887	4.669833e-01
743.1897	4.684167e-01
743.5906	4.697401e-01
743.9915	4.709039e-01
744.3923	4.719793e-01
744.7930	4.726245e-01
745.1937	4.732772e-01
745.5943	4.735662e-01
745.9948	4.736576e-01
746.3953	4.735361e-01
746.7958	4.733913e-01
747.1962	4.733619e-01
747.5965	4.733248e-01
747.9967	4.730295e-01
748.3969	4.729336e-01
748.7971	4.729166e-01
749.1971	4.727503e-01
749.5971	4.723209e-01
749.9971	4.722877e-01
750.3970	4.721860e-01
750.7968	4.725396e-01
751.1966	4.729819e-01
751.5963	4.735419e-01
751.9959	4.742244e-01
752.3955	4.753876e-01
752.7951	4.764910e-01
753.1945	4.781384e-01
753.5939	4.798257e-01
753.9933	4.817646e-01
754.3926	4.843362e-01
754.7918	4.870929e-01
755.1909	4.901198e-01
755.5900	4.931088e-01
755.9891	4.962412e-01
756.3881	4.996604e-01
756.7870	5.032461e-01
757.1859	5.069057e-01
757.5847	5.107149e-01
757.9834	5.147263e-01
758.3821	5.187739e-01
758.7807	5.229623e-01
759.1792	5.270899e-01
759.5777	5.311663e-01
759.9762	5.356083e-01
760.3745	5.400503e-01
760.7729	5.443733e-01
761.1711	5.488356e-01
761.5693	5.532024e-01
761.9674	5.574447e-01
762.3655	5.620428e-01
762.7635	5.660018e-01
763.1615	5.702606e-01
763.5593	5.743198e-01
763.9572	5.785183e-01
764.3549	5.825102e-01
764.7526	5.864943e-01
765.1503	5.908813e-01
765.5479	5.952714e-01
765.9454	5.994637e-01
766.3429	6.036994e-01
766.7403	6.077711e-01
767.1376	6.118556e-01
767.5349	6.161783e-01
767.9321	6.206748e-01
768.3292	6.250954e-01
768.7263	6.298164e-01
769.1234	6.343809e-01
769.5204	6.386942e-01
769.9173	6.427489e-01
770.3141	6.469418e-01
770.7109	6.509944e-01
771.1076	6.551281e-01
771.5043	6.592668e-01
771.9009	6.637065e-01
772.2975	6.680159e-01
772.6939	6.721047e-01
773.0904	6.762656e-01
773.4867	6.803788e-01
773.8830	6.844261e-01
774.2793	6.884404e-01
774.6754	6.925885e-01
775.0716	6.967941e-01
775.4676	7.007888e-01
775.8636	7.051750e-01
776.2595	7.094962e-01
776.6554	7.139564e-01
777.0512	7.184125e-01
777.4470	7.227170e-01
777.8427	7.271310e-01
778.2383	7.319095e-01
778.6339	7.365190e-01
779.0294	7.408605e-01
779.4248	7.453774e-01
779.8202	7.504210e-01
780.2155	7.553087e-01
780.6108	7.601113e-01
781.0060	7.645763e-01
781.4011	7.695121e-01
781.7962	7.742015e-01
782.1912	7.788122e-01
782.5862	7.833300e-01
782.9811	7.878769e-01
783.3759	7.923974e-01
783.7707	7.971231e-01
784.1654	8.015238e-01
784.5600	8.061970e-01
784.9546	8.109554e-01
785.3491	8.155512e-01
785.7436	8.201043e-01
786.1380	8.249166e-01
786.5323	8.293126e-01
786.9266	8.339829e-01
787.3208	8.385867e-01
787.7150	8.432972e-01
788.1091	8.481344e-01
788.5031	8.530188e-01
788.8971	8.572172e-01
789.2910	8.617962e-01
789.6849	8.663207e-01
790.0786	8.708491e-01
790.4724	8.749056e-01
790.8660	8.797037e-01
791.2596	8.843742e-01
791.6532	8.890309e-01
792.0466	8.936289e-01
792.4401	8.988485e-01
792.8334	9.040073e-01
793.2267	9.087030e-01
793.6200	9.135393e-01
794.0131	9.185575e-01
794.4062	9.235504e-01
794.7993	9.284399e-01
795.1923	9.333074e-01
795.5852	9.379552e-01
795.9781	9.429614e-01
796.3709	9.478087e-01
796.7636	9.527609e-01
797.1563	9.580025e-01
797.5489	9.628683e-01
797.9414	9.676832e-01
798.3339	9.725039e-01
798.7264	9.778537e-01
799.1187	9.828755e-01
799.5110	9.882134e-01
799.9033	9.936777e-01
800.2955	9.990604e-01
800.6876	1.004895e+00
801.0797	1.010448e+00
801.4717	1.016100e+00
801.8636	1.021239e+00
802.2555	1.026098e+00
802.6473	1.030955e+00
803.0390	1.035979e+00
803.4307	1.040636e+00
803.8224	1.045378e+00
804.2139	1.050092e+00
804.6054	1.054840e+00
804.9969	1.059624e+00
805.3882	1.064248e+00
805.7796	1.069273e+00
806.1708	1.074536e+00
806.5620	1.079904e+00
806.9531	1.084790e+00
807.3442	1.090038e+00
807.7352	1.095600e+00
808.1262	1.100740e+00
808.5171	1.105953e+00
808.9079	1.110849e+00
809.2986	1.116601e+00
809.6893	1.121276e+00
810.0800	1.125514e+00
810.4706	1.129583e+00
810.8611	1.134146e+00
811.2515	1.138695e+00
811.6419	1.143789e+00
812.0322	1.147813e+00
812.4225	1.151697e+00
812.8127	1.156184e+00
813.2028	1.161394e+00
813.5929	1.166470e+00
813.9829	1.171254e+00
814.3729	1.175781e+00
814.7628	1.179679e+00
815.1526	1.184416e+00
815.5424	1.188817e+00
815.9321	1.193063e+00
816.3217	1.197175e+00
816.7113	1.201752e+00
817.1008	1.206453e+00
817.4903	1.209695e+00
817.8797	1.213730e+00
818.2690	1.218048e+00
818.6583	1.222248e+00
819.0475	1.226434e+00
819.4366	1.230868e+00
819.8257	1.235240e+00
820.2147	1.239912e+00
820.6037	1.244950e+00
820.9926	1.249950e+00
821.3814	1.254000e+00
821.7702	1.257893e+00
822.1589	1.262635e+00
822.5476	1.266874e+00
822.9361	1.271249e+00
823.3247	1.275507e+00
823.7131	1.280060e+00
824.1015	1.283130e+00
824.4899	1.286210e+00
824.8781	1.289728e+00
825.2663	1.293563e+00
825.6545	1.298267e+00
826.0426	1.302733e+00
826.4306	1.307045e+00
826.8186	1.311502e+00
827.2065	1.315919e+00
827.5943	1.321261e+00
827.9821	1.326030e+00
828.3698	1.330013e+00
828.7574	1.333651e+00
829.1450	1.337229e+00
829.5325	1.341671e+00
829.9200	1.346441e+00
830.3074	1.350828e+00
830.6947	1.355336e+00
831.0820	1.359642e+00
831.4692	1.363290e+00
831.8564	1.367156e+00
832.2435	1.370024e+00
832.6305	1.373582e+00
833.0174	1.377068e+00
833.4043	1.380222e+00
833.7912	1.383719e+00
834.1780	1.387223e+00
834.5647	1.390929e+00
834.9513	1.395502e+00
835.3379	1.398858e+00
835.7244	1.402281e+00
836.1109	1.405574e+00
836.4973	1.409879e+00
836.8836	1.414289e+00
837.2699	1.418746e+00
837.6561	1.422633e+00
838.0422	1.427726e+00
838.4283	1.432818e+00
838.8143	1.436946e+00
839.2003	1.440518e+00
839.5862	1.445141e+00
839.9720	1.449457e+00
840.3578	1.454333e+00
840.7435	1.458850e+00
841.1292	1.463377e+00
841.5147	1.468377e+00
841.9003	1.472883e+00
842.2857	1.477500e+00
842.6711	1.482441e+00
843.0564	1.485723e+00
843.4417	1.489422e+00
843.8269	1.493039e+00
844.2120	1.497869e+00
844.5971	1.502632e+00
844.9821	1.507899e+00
845.3671	1.512370e+00
845.7520	1.517431e+00
846.1368	1.521648e+00
846.5216	1.525287e+00
846.9063	1.529771e+00
847.2909	1.534771e+00
847.6755	1.539998e+00
848.0600	1.544958e+00
848.4445	1.551399e+00
848.8288	1.557039e+00
849.2132	1.562513e+00
849.5974	1.567581e+00
849.9816	1.573189e+00
850.3658	1.578745e+00
850.7498	1.583743e+00
851.1338	1.589636e+00
851.5178	1.595719e+00
851.9017	1.602276e+00
852.2855	1.608980e+00
852.6692	1.615888e+00
853.0529	1.622107e+00
853.4366	1.628016e+00
853.8201	1.634466e+00
854.2036	1.640833e+00
854.5871	1.648212e+00
854.9705	1.654602e+00
855.3538	1.661413e+00
855.7370	1.667605e+00
856.1202	1.673730e+00
856.5033	1.679604e+00
856.8864	1.686119e+00
857.2694	1.692465e+00
857.6523	1.699179e+00
858.0352	1.705296e+00
858.4180	1.712739e+00
858.8008	1.720995e+00
859.1834	1.728051e+00
859.5661	1.734892e+00
859.9486	1.742006e+00
860.3311	1.748456e+00
860.7135	1.755935e+00
861.0959	1.762436e+00
861.4782	1.770806e+00
861.8605	1.779133e+00
862.2426	1.787351e+00
862.6247	1.794859e+00
863.0068	1.803392e+00
863.3888	1.810522e+00
863.7707	1.817600e+00
864.1526	1.825051e+00
864.5344	1.833689e+00
864.9161	1.841900e+00
865.2978	1.851098e+00
865.6794	1.860737e+00
866.0609	1.870443e+00
866.4424	1.880255e+00
866.8238	1.890320e+00
867.2052	1.900009e+00
867.5864	1.909283e+00
867.9677	1.918412e+00
868.3488	1.928335e+00
868.7299	1.936713e+00
869.1110	1.945515e+00
869.4919	1.953736e+00
869.8728	1.961303e+00
870.2537	1.969122e+00
870.6345	1.978654e+00
871.0152	1.986604e+00
871.3958	1.995443e+00
871.7764	2.004402e+00
872.1570	2.013425e+00
872.5374	2.022565e+00
872.9178	2.032772e+00
873.2982	2.042115e+00
873.6784	2.051222e+00
874.0586	2.061804e+00
874.4388	2.070950e+00
874.8189	2.079510e+00
875.1989	2.088568e+00
875.5788	2.097659e+00
875.9587	2.106988e+00
876.3386	2.117279e+00
876.7183	2.127535e+00
877.0980	2.138486e+00
877.4777	2.149279e+00
877.8572	2.159653e+00
878.2367	2.171313e+00
878.6162	2.182624e+00
878.9956	2.195246e+00
879.3749	2.207951e+00
879.7541	2.219879e+00
880.1333	2.233205e+00
880.5124	2.245205e+00
880.8915	2.257754e+00
881.2705	2.271630e+00
881.6494	2.285957e+00
882.0283	2.299638e+00
882.4071	2.314424e+00
882.7859	2.328480e+00
883.1645	2.341848e+00
883.5432	2.354201e+00
883.9217	2.365712e+00
884.3002	2.375635e+00
884.6786	2.384786e+00
885.0570	2.394154e+00
885.4353	2.400967e+00
885.8135	2.407039e+00
886.1917	2.411966e+00
886.5698	2.415069e+00
886.9478	2.415288e+00
887.3258	2.414339e+00
887.7037	2.414162e+00
888.0816	2.412142e+00
888.4593	2.409497e+00
888.8371	2.404353e+00
889.2147	2.398108e+00
889.5923	2.390078e+00
889.9698	2.379810e+00
890.3473	2.367518e+00
890.7247	2.354174e+00
891.1020	2.341056e+00
891.4793	2.325398e+00
891.8565	2.309767e+00
892.2337	2.292299e+00
892.6107	2.274761e+00
892.9878	2.256292e+00
893.3647	2.238620e+00
893.7416	2.219785e+00
894.1184	2.201804e+00
894.4952	2.185348e+00
894.8719	2.171146e+00
895.2485	2.158076e+00
895.6251	2.146138e+00
896.0016	2.135763e+00
896.3780	2.126761e+00
896.7544	2.120107e+00
897.1307	2.115282e+00
897.5069	2.112683e+00
897.8831	2.112036e+00
898.2592	2.114837e+00
898.6353	2.120112e+00
899.0113	2.128062e+00
899.3872	2.140148e+00
899.7631	2.154864e+00
900.1389	2.172789e+00
900.5146	2.193903e+00
900.8903	2.217597e+00
901.2659	2.243398e+00
901.6414	2.273660e+00
902.0169	2.306928e+00
902.3923	2.343198e+00
902.7676	2.380749e+00
903.1429	2.420621e+00
903.5181	2.462296e+00
903.8933	2.504380e+00
904.2684	2.548328e+00
904.6434	2.593199e+00
905.0184	2.639963e+00
905.3932	2.688696e+00
905.7681	2.739893e+00
906.1428	2.789781e+00
906.5175	2.839893e+00
906.8922	2.889752e+00
907.2668	2.938708e+00
907.6413	2.986488e+00
908.0157	3.035720e+00
908.3901	3.085292e+00
908.7644	3.134174e+00
909.1386	3.181210e+00
909.5128	3.227336e+00
909.8870	3.273624e+00
910.2610	3.320044e+00
910.6350	3.365795e+00
911.0089	3.411325e+00
911.3828	3.457160e+00
911.7566	3.503246e+00
912.1303	3.546047e+00
912.5040	3.590175e+00
912.8776	3.634475e+00
913.2511	3.679710e+00
913.6246	3.723861e+00
913.9980	3.766895e+00
914.3714	3.810751e+00
914.7447	3.854686e+00
915.1179	3.898179e+00
915.4910	3.941317e+00
915.8641	3.983213e+00
916.2371	4.026383e+00
916.6101	4.070077e+00
916.9830	4.110926e+00
917.3558	4.152063e+00
917.7286	4.194337e+00
918.1013	4.235342e+00
918.4739	4.279722e+00
918.8465	4.322034e+00
919.2190	4.364367e+00
919.5914	4.404529e+00
919.9638	4.449466e+00
920.3361	4.491077e+00
920.7083	4.534712e+00
921.0805	4.576147e+00
921.4526	4.618619e+00
921.8247	4.659692e+00
922.1967	4.702004e+00
922.5686	4.746467e+00
922.9405	4.788374e+00
923.3123	4.827586e+00
923.6840	4.864701e+00
924.0556	4.905438e+00
924.4272	4.942815e+00
924.7988	4.985055e+00
925.1702	5.024135e+00
925.5416	5.066554e+00
925.9130	5.107264e+00
926.2842	5.147835e+00
926.6555	5.188547e+00
927.0266	5.228977e+00
927.3977	5.273829e+00
927.7687	5.318171e+00
928.1396	5.367227e+00
928.5105	5.414970e+00
928.8813	5.467464e+00
929.2521	5.520464e+00
929.6228	5.574189e+00
929.9934	5.630353e+00
930.3639	5.684148e+00
930.7344	5.738436e+00
931.1049	5.793743e+00
931.4752	5.851720e+00
931.8455	5.901997e+00
932.2157	5.959222e+00
932.5859	6.014202e+00
932.9560	6.073189e+00
933.3261	6.130978e+00
933.6960	6.191125e+00
934.0659	6.249497e+00
934.4358	6.308327e+00
934.8055	6.368984e+00
935.1753	6.432606e+00
935.5449	6.495947e+00
935.9145	6.560249e+00
936.2840	6.624168e+00
936.6534	6.684061e+00
937.0228	6.746328e+00
937.3921	6.811316e+00
937.7614	6.874669e+00
938.1306	6.935821e+00
938.4997	6.992567e+00
938.8688	7.048964e+00
939.2378	7.100758e+00
939.6067	7.151660e+00
939.9755	7.201996e+00
940.3443	7.251358e+00
940.7131	7.296112e+00
941.0817	7.335126e+00
941.4503	7.379887e+00
941.8189	7.424425e+00
942.1873	7.473618e+00
942.5557	7.522382e+00
942.9241	7.567247e+00
943.2924	7.618450e+00
943.6606	7.671311e+00
944.0287	7.720136e+00
944.3968	7.773273e+00
944.7648	7.825177e+00
945.1327	7.876378e+00
945.5006	7.935884e+00
945.8684	7.992868e+00
946.2362	8.054320e+00
946.6039	8.113142e+00
946.9715	8.169189e+00
947.3390	8.227349e+00
947.7065	8.288336e+00
948.0740	8.346258e+00
948.4413	8.409693e+00
948.8086	8.477081e+00
949.1758	8.543463e+00
949.5430	8.616050e+00
949.9101	8.685905e+00
950.2771	8.756173e+00
950.6441	8.828920e+00
951.0110	8.898846e+00
951.3778	8.973202e+00
951.7446	9.056728e+00
952.1113	9.135338e+00
952.4779	9.220300e+00
952.8445	9.307143e+00
953.2110	9.391319e+00
953.5774	9.474581e+00
953.9438	9.553107e+00
954.3101	9.635485e+00
954.6763	9.721218e+00
955.0425	9.807272e+00
955.4086	9.883387e+00
955.7747	9.967168e+00
956.1406	1.005413e+01
956.5065	1.014200e+01
956.8724	1.022957e+01
957.2382	1.031852e+01
957.6039	1.040525e+01
957.9695	1.050265e+01
958.3351	1.059554e+01
958.7006	1.069304e+01
959.0661	1.078990e+01
959.4315	1.088824e+01
959.7968	1.098996e+01
960.1620	1.109317e+01
960.5272	1.119117e+01
960.8924	1.128429e+01
961.2574	1.138996e+01
961.6224	1.149199e+01
961.9873	1.159039e+01
962.3522	1.170143e+01
962.7170	1.180563e+01
963.0817	1.191279e+01
963.4464	1.202614e+01
963.8110	1.213696e+01
964.1755	1.225625e+01
964.5400	1.236491e+01
964.9044	1.247183e+01
965.2687	1.259058e+01
965.6329	1.270535e+01
965.9971	1.282891e+01
966.3613	1.295036e+01
966.7253	1.307464e+01
967.0893	1.319521e+01
967.4533	1.331994e+01
967.8171	1.343415e+01
968.1810	1.356424e+01
968.5447	1.370483e+01
968.9084	1.383453e+01
969.2720	1.396686e+01
969.6355	1.410006e+01
969.9990	1.422182e+01
970.3624	1.436161e+01
970.7257	1.449629e+01
971.0890	1.463620e+01
971.4522	1.478775e+01
971.8153	1.493258e+01
972.1784	1.509296e+01
972.5414	1.524859e+01
972.9044	1.541164e+01
973.2672	1.558410e+01
973.6301	1.574237e+01
973.9928	1.590462e+01
974.3555	1.606245e+01
974.7181	1.623190e+01
975.0806	1.639173e+01
975.4431	1.655753e+01
975.8055	1.672744e+01
976.1679	1.688474e+01
976.5302	1.705597e+01
976.8924	1.723634e+01
977.2545	1.741985e+01
977.6166	1.759549e+01
977.9786	1.776619e+01
978.3406	1.794243e+01
978.7024	1.812572e+01
979.0643	1.830754e+01
979.4260	1.849515e+01
979.7877	1.869840e+01
980.1493	1.890486e+01
980.5109	1.911158e+01
980.8724	1.929113e+01
981.2338	1.950054e+01
981.5951	1.971509e+01
981.9564	1.993719e+01
982.3176	2.013991e+01
982.6788	2.037397e+01
983.0399	2.060258e+01
983.4009	2.083901e+01
983.7618	2.109104e+01
984.1227	2.133041e+01
984.4835	2.157205e+01
984.8443	2.179596e+01
985.2050	2.202427e+01
985.5656	2.224859e+01
985.9262	2.248473e+01
986.2866	2.272588e+01
986.6471	2.296207e+01
987.0074	2.320325e+01
987.3677	2.343939e+01
987.7279	2.369069e+01
988.0881	2.394112e+01
988.4482	2.420451e+01
988.8082	2.446427e+01
989.1681	2.475867e+01
989.5280	2.503293e+01
989.8879	2.532738e+01
990.2476	2.560126e+01
990.6073	2.590733e+01
990.9669	2.621858e+01
991.3265	2.650719e+01
991.6860	2.682897e+01
992.0454	2.711321e+01
992.4047	2.740365e+01
992.7640	2.774497e+01
993.1232	2.807665e+01
993.4824	2.841371e+01
993.8415	2.874865e+01
994.2005	2.906610e+01
994.5595	2.938790e+01
994.9183	2.972308e+01
995.2772	3.004230e+01
995.6359	3.037737e+01
995.9946	3.072642e+01
996.3532	3.110737e+01
996.7118	3.146241e+01
997.0703	3.184596e+01
997.4287	3.221622e+01
997.7870	3.260848e+01
998.1453	3.301216e+01
998.5035	3.339009e+01
998.8617	3.378751e+01
999.2198	3.416793e+01
999.5778	3.462071e+01
999.9357	3.510505e+01
1000.2936	3.555617e+01
1000.6514	3.602296e+01
1001.0092	3.649225e+01
1001.3669	3.693421e+01
1001.7245	3.735745e+01
1002.0820	3.781784e+01
1002.4395	3.828649e+01
1002.7969	3.880200e+01
1003.1543	3.924400e+01
1003.5116	3.971970e+01
1003.8688	4.022089e+01
1004.2259	4.069206e+01
1004.5830	4.116140e+01
1004.9400	4.167461e+01
1005.2970	4.217257e+01
1005.6539	4.270796e+01
1006.0107	4.323789e+01
1006.3674	4.379020e+01
1006.7241	4.441547e+01
1007.0807	4.495974e+01
1007.4372	4.556180e+01
1007.7937	4.612370e+01
1008.1501	4.672464e+01
1008.5065	4.733620e+01
1008.8627	4.794897e+01
1009.2190	4.863502e+01
1009.5751	4.929512e+01
1009.9312	4.996926e+01
1010.2872	5.057345e+01
1010.6431	5.129209e+01
1010.9990	5.192935e+01
1011.3548	5.257009e+01
1011.7105	5.326556e+01
1012.0662	5.400436e+01
1012.4218	5.472609e+01
1012.7773	5.547587e+01
1013.1328	5.619648e+01
1013.4882	5.693740e+01
1013.8435	5.773360e+01
1014.1988	5.837271e+01
1014.5540	5.909006e+01
1014.9091	5.973035e+01
1015.2642	6.057661e+01
1015.6192	6.146038e+01
1015.9741	6.232805e+01
1016.3290	6.322575e+01
1016.6838	6.404480e+01
1017.0385	6.495881e+01
1017.3932	6.590502e+01
1017.7478	6.691236e+01
1018.1023	6.771864e+01
1018.4567	6.875596e+01
1018.8111	6.981120e+01
1019.1655	7.091884e+01
1019.5197	7.199903e+01
1019.8739	7.316734e+01
1020.2280	7.437478e+01
1020.5821	7.545496e+01
1020.9361	7.656930e+01
1021.2900	7.765862e+01
1021.6438	7.885030e+01
1021.9976	8.018805e+01
1022.3513	8.155580e+01
1022.7050	8.304487e+01
1023.0586	8.433926e+01
1023.4121	8.547392e+01
1023.7655	8.655336e+01
1024.1189	8.787006e+01
1024.4722	8.931048e+01
1024.8255	9.067771e+01
1025.1786	9.179585e+01
1025.5317	9.316442e+01
1025.8848	9.450907e+01
1026.2378	9.579301e+01
1026.5907	9.698025e+01
1026.9435	9.828225e+01
1027.2963	9.971672e+01
1027.6490	1.011620e+02
1028.0016	1.027171e+02
1028.3542	1.041750e+02
1028.7067	1.056314e+02
1029.0591	1.070503e+02
1029.4115	1.084803e+02
1029.7638	1.099577e+02
1030.1160	1.114535e+02
1030.4681	1.129410e+02
1030.8202	1.144065e+02
1031.1723	1.158350e+02
1031.5242	1.172626e+02
