# Python obtained correction file for Flame1, contains the irradiance calibration
# LS-1-CAL
# Wavelength(nm)	Corr.Factor
192.3457	-0.000000e+00
192.8152	0.000000e+00
193.2845	0.000000e+00
193.7539	0.000000e+00
194.2231	0.000000e+00
194.6924	0.000000e+00
195.1616	0.000000e+00
195.6307	1.340389e+00
196.0998	1.205924e+00
196.5688	1.108560e+00
197.0378	1.037883e+00
197.5068	9.932127e-01
197.9757	9.758808e-01
198.4445	9.884326e-01
198.9133	1.016591e+00
199.3821	1.015894e+00
199.8508	1.020996e+00
200.3194	1.031075e+00
200.7881	1.050308e+00
201.2566	1.073524e+00
201.7251	1.101900e+00
202.1936	1.139418e+00
202.6620	1.181390e+00
203.1304	1.219582e+00
203.5987	1.242346e+00
204.0670	1.256035e+00
204.5352	1.259570e+00
205.0033	1.250439e+00
205.4715	1.239102e+00
205.9395	1.234377e+00
206.4076	1.223906e+00
206.8756	1.196006e+00
207.3435	1.177560e+00
207.8114	1.155301e+00
208.2792	1.123767e+00
208.7470	1.092971e+00
209.2147	1.063397e+00
209.6824	1.042573e+00
210.1500	1.025024e+00
210.6176	9.967971e-01
211.0852	9.732071e-01
211.5527	9.544015e-01
212.0201	9.362359e-01
212.4875	9.191470e-01
212.9549	8.997323e-01
213.4222	8.851063e-01
213.8894	8.731266e-01
214.3566	8.547584e-01
214.8238	8.408887e-01
215.2909	8.250521e-01
215.7579	8.107907e-01
216.2249	7.936038e-01
216.6919	7.849584e-01
217.1588	7.634066e-01
217.6257	7.342738e-01
218.0925	7.191403e-01
218.5592	7.057003e-01
219.0260	6.888382e-01
219.4926	6.780490e-01
219.9592	6.703747e-01
220.4258	6.646996e-01
220.8923	6.583736e-01
221.3588	6.522706e-01
221.8252	6.480053e-01
222.2916	6.409454e-01
222.7579	6.325854e-01
223.2242	6.222083e-01
223.6904	6.134377e-01
224.1566	6.102821e-01
224.6227	6.059803e-01
225.0888	6.004682e-01
225.5548	5.887884e-01
226.0208	5.784290e-01
226.4868	5.644881e-01
226.9526	5.528316e-01
227.4185	5.490998e-01
227.8843	5.421527e-01
228.3500	5.339029e-01
228.8157	5.256193e-01
229.2813	5.174358e-01
229.7469	5.095284e-01
230.2125	5.009852e-01
230.6780	4.927273e-01
231.1434	4.875148e-01
231.6088	4.794082e-01
232.0742	4.697245e-01
232.5395	4.634888e-01
233.0047	4.595570e-01
233.4699	4.501398e-01
233.9351	4.426809e-01
234.4002	4.369325e-01
234.8652	4.306406e-01
235.3302	4.248814e-01
235.7952	4.172268e-01
236.2601	4.126266e-01
236.7249	4.093882e-01
237.1897	4.070068e-01
237.6545	4.041931e-01
238.1192	4.000835e-01
238.5839	3.961904e-01
239.0485	3.935049e-01
239.5130	3.905860e-01
239.9776	3.844106e-01
240.4420	3.773808e-01
240.9064	3.716552e-01
241.3708	3.666452e-01
241.8351	3.609631e-01
242.2994	3.552329e-01
242.7636	3.493269e-01
243.2278	3.459423e-01
243.6919	3.417819e-01
244.1560	3.367647e-01
244.6200	3.364463e-01
245.0839	3.393021e-01
245.5479	3.387629e-01
246.0117	3.374080e-01
246.4756	3.398931e-01
246.9393	3.407308e-01
247.4031	3.404491e-01
247.8667	3.381515e-01
248.3304	3.344192e-01
248.7939	3.293833e-01
249.2575	3.261819e-01
249.7209	3.246779e-01
250.1844	3.230047e-01
250.6478	3.221796e-01
251.1111	3.228826e-01
251.5744	3.228082e-01
252.0376	3.220746e-01
252.5008	3.229765e-01
252.9639	3.229634e-01
253.4270	3.213914e-01
253.8900	3.194500e-01
254.3530	3.173338e-01
254.8159	3.142714e-01
255.2788	3.107397e-01
255.7417	3.068972e-01
256.2045	3.035621e-01
256.6672	3.004422e-01
257.1299	2.965584e-01
257.5925	2.940030e-01
258.0551	2.947462e-01
258.5176	2.970358e-01
258.9801	2.982859e-01
259.4426	2.996866e-01
259.9050	3.016223e-01
260.3673	3.044920e-01
260.8296	3.045508e-01
261.2918	3.032649e-01
261.7540	3.039484e-01
262.2162	3.035653e-01
262.6783	3.021240e-01
263.1403	3.005124e-01
263.6023	2.986298e-01
264.0642	2.962084e-01
264.5261	2.947884e-01
264.9880	2.953355e-01
265.4498	2.976251e-01
265.9115	3.017223e-01
266.3732	3.067886e-01
266.8349	3.081767e-01
267.2965	3.094665e-01
267.7580	3.138273e-01
268.2195	3.175960e-01
268.6809	3.194276e-01
269.1423	3.223645e-01
269.6037	3.268064e-01
270.0650	3.286840e-01
270.5262	3.311349e-01
270.9874	3.355988e-01
271.4486	3.371888e-01
271.9097	3.401859e-01
272.3707	3.426496e-01
272.8317	3.469944e-01
273.2927	3.513066e-01
273.7536	3.531617e-01
274.2144	3.546470e-01
274.6752	3.557847e-01
275.1360	3.571435e-01
275.5967	3.570510e-01
276.0573	3.550857e-01
276.5179	3.515124e-01
276.9785	3.484201e-01
277.4390	3.466659e-01
277.8994	3.456054e-01
278.3598	3.439957e-01
278.8202	3.417681e-01
279.2805	3.386161e-01
279.7407	3.379481e-01
280.2009	3.393447e-01
280.6611	3.387777e-01
281.1212	3.392162e-01
281.5812	3.386732e-01
282.0412	3.373218e-01
282.5011	3.360663e-01
282.9610	3.364670e-01
283.4209	3.357592e-01
283.8807	3.342839e-01
284.3404	3.336908e-01
284.8001	3.321859e-01
285.2598	3.319181e-01
285.7194	3.312634e-01
286.1789	3.316244e-01
286.6384	3.327134e-01
287.0979	3.351743e-01
287.5573	3.346197e-01
288.0166	3.327385e-01
288.4759	3.306387e-01
288.9352	3.279973e-01
289.3944	3.259841e-01
289.8535	3.234842e-01
290.3126	3.214130e-01
290.7717	3.202321e-01
291.2307	3.177496e-01
291.6896	3.143185e-01
292.1485	3.073185e-01
292.6073	3.043094e-01
293.0661	3.041413e-01
293.5249	3.021061e-01
293.9836	3.005129e-01
294.4422	3.019984e-01
294.9008	3.040234e-01
295.3594	3.060575e-01
295.8179	3.067040e-01
296.2763	3.064417e-01
296.7347	3.051635e-01
297.1930	3.036804e-01
297.6513	3.038620e-01
298.1096	3.062035e-01
298.5678	3.107098e-01
299.0259	3.164988e-01
299.4840	3.200659e-01
299.9420	3.218551e-01
300.4000	3.232542e-01
300.8580	3.265594e-01
301.3159	3.289595e-01
301.7737	3.326182e-01
302.2315	3.359324e-01
302.6892	3.374531e-01
303.1469	3.377423e-01
303.6045	3.406671e-01
304.0621	3.442436e-01
304.5197	3.472756e-01
304.9772	3.503787e-01
305.4346	3.539615e-01
305.8920	3.590359e-01
306.3493	3.609367e-01
306.8066	3.631855e-01
307.2638	3.641059e-01
307.7210	3.660121e-01
308.1781	3.684779e-01
308.6352	3.697389e-01
309.0922	3.714321e-01
309.5492	3.734807e-01
310.0062	3.774683e-01
310.4630	3.785343e-01
310.9199	3.805172e-01
311.3766	3.836831e-01
311.8334	3.858318e-01
312.2900	3.874978e-01
312.7467	3.925104e-01
313.2032	4.012000e-01
313.6598	4.117348e-01
314.1162	4.195924e-01
314.5727	4.258442e-01
315.0290	4.310344e-01
315.4853	4.357240e-01
315.9416	4.450977e-01
316.3978	4.516123e-01
316.8540	4.599216e-01
317.3101	4.696180e-01
317.7662	4.777906e-01
318.2222	4.845369e-01
318.6782	4.933868e-01
319.1341	5.024902e-01
319.5899	5.101726e-01
320.0458	5.179207e-01
320.5015	5.241805e-01
320.9572	5.314009e-01
321.4129	5.364131e-01
321.8685	5.395409e-01
322.3241	5.435030e-01
322.7796	5.480789e-01
323.2350	5.499652e-01
323.6904	5.541753e-01
324.1458	5.606897e-01
324.6011	5.655106e-01
325.0563	5.735866e-01
325.5115	5.795244e-01
325.9667	5.853882e-01
326.4218	5.947776e-01
326.8768	6.003436e-01
327.3318	6.071798e-01
327.7868	6.167776e-01
328.2417	6.278118e-01
328.6965	6.387959e-01
329.1513	6.472928e-01
329.6061	6.558174e-01
330.0608	6.680027e-01
330.5154	6.803662e-01
330.9700	6.909593e-01
331.4245	7.043973e-01
331.8790	7.189471e-01
332.3335	7.336594e-01
332.7878	7.475319e-01
333.2422	7.555247e-01
333.6965	7.654349e-01
334.1507	7.795624e-01
334.6049	7.920747e-01
335.0590	8.050551e-01
335.5131	8.167790e-01
335.9671	8.279457e-01
336.4211	8.396165e-01
336.8750	8.493346e-01
337.3289	8.616952e-01
337.7827	8.778162e-01
338.2365	8.954394e-01
338.6902	9.108097e-01
339.1439	9.237899e-01
339.5975	9.374681e-01
340.0510	9.501358e-01
340.5046	9.659385e-01
340.9580	9.824200e-01
341.4114	9.975472e-01
341.8648	1.010237e+00
342.3181	1.017583e+00
342.7714	1.033502e+00
343.2246	1.054272e+00
343.6777	1.066202e+00
344.1308	1.079360e+00
344.5839	1.092607e+00
345.0369	1.109476e+00
345.4898	1.126215e+00
345.9427	1.140637e+00
346.3956	1.156132e+00
346.8484	1.176692e+00
347.3011	1.195827e+00
347.7538	1.211964e+00
348.2065	1.233919e+00
348.6590	1.247506e+00
349.1116	1.268474e+00
349.5641	1.289894e+00
350.0165	1.310482e+00
350.4689	1.325452e+00
350.9212	1.344975e+00
351.3735	1.360382e+00
351.8257	1.381467e+00
352.2779	1.407060e+00
352.7300	1.426716e+00
353.1821	1.449126e+00
353.6341	1.467781e+00
354.0861	1.486019e+00
354.5380	1.504695e+00
354.9899	1.504621e+00
355.4417	1.497628e+00
355.8935	1.509872e+00
356.3452	1.540119e+00
356.7969	1.567356e+00
357.2485	1.596711e+00
357.7000	1.613402e+00
358.1515	1.634402e+00
358.6030	1.647845e+00
359.0544	1.660452e+00
359.5058	1.672428e+00
359.9571	1.695193e+00
360.4083	1.713167e+00
360.8595	1.740413e+00
361.3107	1.766177e+00
361.7617	1.792780e+00
362.2128	1.823686e+00
362.6638	1.853588e+00
363.1147	1.876858e+00
363.5656	1.907054e+00
364.0164	1.938695e+00
364.4672	1.962262e+00
364.9180	1.984608e+00
365.3686	2.005721e+00
365.8193	2.017390e+00
366.2698	2.029952e+00
366.7204	2.044378e+00
367.1708	2.062789e+00
367.6213	2.086375e+00
368.0716	2.102162e+00
368.5219	2.123011e+00
368.9722	2.153913e+00
369.4224	2.182497e+00
369.8726	2.220422e+00
370.3227	2.239434e+00
370.7728	2.249822e+00
371.2228	2.278390e+00
371.6727	2.314675e+00
372.1226	2.346434e+00
372.5725	2.380611e+00
373.0223	2.410681e+00
373.4720	2.438064e+00
373.9217	2.465623e+00
374.3713	2.497605e+00
374.8209	2.524595e+00
375.2705	2.558581e+00
375.7200	2.583967e+00
376.1694	2.611953e+00
376.6188	2.637633e+00
377.0681	2.661677e+00
377.5174	2.685384e+00
377.9666	2.706066e+00
378.4158	2.729387e+00
378.8649	2.752997e+00
379.3140	2.761820e+00
379.7630	2.782564e+00
380.2120	2.806485e+00
380.6609	2.815553e+00
381.1097	2.821525e+00
381.5585	2.817133e+00
382.0073	2.817463e+00
382.4560	2.803870e+00
382.9046	2.785126e+00
383.3532	2.766641e+00
383.8018	2.731775e+00
384.2503	2.685594e+00
384.6987	2.616186e+00
385.1471	2.535642e+00
385.5955	2.443349e+00
386.0438	2.346299e+00
386.4920	2.244888e+00
386.9402	2.141244e+00
387.3883	2.026531e+00
387.8364	1.906377e+00
388.2844	1.785521e+00
388.7324	1.665182e+00
389.1803	1.548047e+00
389.6282	1.439899e+00
390.0760	1.338327e+00
390.5237	1.242311e+00
390.9715	1.155408e+00
391.4191	1.075568e+00
391.8667	1.004784e+00
392.3143	9.400750e-01
392.7618	8.805936e-01
393.2092	8.253971e-01
393.6566	7.755670e-01
394.1040	7.296551e-01
394.5513	6.888374e-01
394.9985	6.526075e-01
395.4457	6.198702e-01
395.8928	5.895193e-01
396.3399	5.617701e-01
396.7869	5.371597e-01
397.2339	5.149964e-01
397.6808	4.945864e-01
398.1277	4.756356e-01
398.5745	4.591415e-01
399.0213	4.439421e-01
399.4680	4.291131e-01
399.9147	4.158747e-01
400.3613	4.039694e-01
400.8078	3.930925e-01
401.2543	3.828343e-01
401.7008	3.737246e-01
402.1472	3.650822e-01
402.5935	3.567859e-01
403.0398	3.492948e-01
403.4861	3.425596e-01
403.9323	3.353313e-01
404.3784	3.286026e-01
404.8245	3.223978e-01
405.2705	3.164964e-01
405.7165	3.108462e-01
406.1624	3.054287e-01
406.6083	3.003716e-01
407.0541	2.951972e-01
407.4999	2.905970e-01
407.9456	2.864355e-01
408.3912	2.822260e-01
408.8369	2.782180e-01
409.2824	2.744092e-01
409.7279	2.714680e-01
410.1734	2.688708e-01
410.6188	2.663520e-01
411.0641	2.641483e-01
411.5094	2.621892e-01
411.9546	2.606386e-01
412.3998	2.591037e-01
412.8450	2.576500e-01
413.2900	2.564852e-01
413.7351	2.552762e-01
414.1800	2.545686e-01
414.6250	2.538846e-01
415.0698	2.532013e-01
415.5147	2.524030e-01
415.9594	2.517268e-01
416.4041	2.514706e-01
416.8488	2.511567e-01
417.2934	2.507459e-01
417.7379	2.503255e-01
418.1824	2.498942e-01
418.6269	2.493384e-01
419.0713	2.487069e-01
419.5156	2.481767e-01
419.9599	2.476286e-01
420.4041	2.471190e-01
420.8483	2.466532e-01
421.2925	2.459155e-01
421.7365	2.450559e-01
422.1806	2.444569e-01
422.6245	2.436236e-01
423.0684	2.427148e-01
423.5123	2.418976e-01
423.9561	2.408841e-01
424.3999	2.397714e-01
424.8436	2.388170e-01
425.2872	2.381605e-01
425.7308	2.370968e-01
426.1744	2.357139e-01
426.6179	2.344367e-01
427.0613	2.330365e-01
427.5047	2.316263e-01
427.9480	2.303259e-01
428.3913	2.289827e-01
428.8345	2.276795e-01
429.2777	2.266993e-01
429.7208	2.257506e-01
430.1639	2.244181e-01
430.6069	2.231376e-01
431.0498	2.219149e-01
431.4928	2.205718e-01
431.9356	2.195540e-01
432.3784	2.182700e-01
432.8212	2.170630e-01
433.2638	2.158476e-01
433.7065	2.148851e-01
434.1491	2.141101e-01
434.5916	2.132579e-01
435.0341	2.122376e-01
435.4765	2.114493e-01
435.9189	2.106762e-01
436.3612	2.100929e-01
436.8035	2.096049e-01
437.2457	2.093251e-01
437.6878	2.089720e-01
438.1300	2.087957e-01
438.5720	2.084809e-01
439.0140	2.079568e-01
439.4560	2.075893e-01
439.8978	2.071659e-01
440.3397	2.071048e-01
440.7815	2.069733e-01
441.2232	2.064419e-01
441.6649	2.064318e-01
442.1065	2.064477e-01
442.5481	2.064584e-01
442.9896	2.063824e-01
443.4311	2.064669e-01
443.8725	2.066656e-01
444.3138	2.072633e-01
444.7551	2.073677e-01
445.1964	2.074007e-01
445.6376	2.077566e-01
446.0787	2.079572e-01
446.5198	2.076054e-01
446.9609	2.074529e-01
447.4018	2.071790e-01
447.8428	2.069227e-01
448.2836	2.066181e-01
448.7245	2.061015e-01
449.1652	2.055962e-01
449.6060	2.049420e-01
450.0466	2.042976e-01
450.4872	2.032484e-01
450.9278	2.023779e-01
451.3683	2.016211e-01
451.8087	2.008353e-01
452.2491	1.997290e-01
452.6895	1.982253e-01
453.1297	1.970943e-01
453.5700	1.955286e-01
454.0102	1.940391e-01
454.4503	1.924385e-01
454.8904	1.904991e-01
455.3304	1.888082e-01
455.7703	1.872532e-01
456.2102	1.853530e-01
456.6501	1.834946e-01
457.0899	1.820511e-01
457.5296	1.803332e-01
457.9693	1.786353e-01
458.4090	1.771427e-01
458.8486	1.758035e-01
459.2881	1.745434e-01
459.7276	1.734268e-01
460.1670	1.720267e-01
460.6064	1.707150e-01
461.0457	1.697238e-01
461.4850	1.686378e-01
461.9242	1.675599e-01
462.3633	1.665668e-01
462.8024	1.658071e-01
463.2415	1.649597e-01
463.6805	1.640850e-01
464.1194	1.633088e-01
464.5583	1.623547e-01
464.9971	1.615504e-01
465.4359	1.608320e-01
465.8746	1.601325e-01
466.3133	1.591989e-01
466.7519	1.582727e-01
467.1905	1.572175e-01
467.6290	1.560770e-01
468.0674	1.550716e-01
468.5058	1.541878e-01
468.9442	1.531943e-01
469.3825	1.520164e-01
469.8207	1.508414e-01
470.2589	1.496003e-01
470.6970	1.483881e-01
471.1351	1.470330e-01
471.5731	1.455108e-01
472.0111	1.441331e-01
472.4490	1.428384e-01
472.8869	1.413432e-01
473.3247	1.398386e-01
473.7624	1.383650e-01
474.2001	1.368220e-01
474.6378	1.352060e-01
475.0753	1.335292e-01
475.5129	1.319643e-01
475.9504	1.304667e-01
476.3878	1.291015e-01
476.8252	1.276345e-01
477.2625	1.261729e-01
477.6997	1.247055e-01
478.1369	1.232724e-01
478.5741	1.218361e-01
479.0112	1.205161e-01
479.4482	1.192109e-01
479.8852	1.179264e-01
480.3222	1.166281e-01
480.7590	1.154265e-01
481.1959	1.142900e-01
481.6327	1.131395e-01
482.0694	1.120491e-01
482.5060	1.109929e-01
482.9426	1.100465e-01
483.3792	1.091540e-01
483.8157	1.082880e-01
484.2522	1.073983e-01
484.6885	1.065151e-01
485.1249	1.057377e-01
485.5612	1.049328e-01
485.9974	1.042031e-01
486.4336	1.035179e-01
486.8697	1.028655e-01
487.3058	1.022063e-01
487.7418	1.015999e-01
488.1777	1.009536e-01
488.6136	1.003730e-01
489.0495	9.987897e-02
489.4853	9.940468e-02
489.9210	9.892295e-02
490.3567	9.845976e-02
490.7923	9.804173e-02
491.2279	9.765760e-02
491.6634	9.731589e-02
492.0989	9.702204e-02
492.5343	9.665264e-02
492.9697	9.635099e-02
493.4050	9.611341e-02
493.8402	9.591427e-02
494.2754	9.572455e-02
494.7106	9.555800e-02
495.1456	9.541180e-02
495.5807	9.523263e-02
496.0156	9.510789e-02
496.4506	9.500989e-02
496.8854	9.491121e-02
497.3202	9.474256e-02
497.7550	9.468229e-02
498.1897	9.458391e-02
498.6243	9.444917e-02
499.0589	9.435546e-02
499.4935	9.427047e-02
499.9280	9.420321e-02
500.3624	9.418850e-02
500.7968	9.413952e-02
501.2311	9.407093e-02
501.6653	9.399763e-02
502.0996	9.393625e-02
502.5337	9.387932e-02
502.9678	9.379125e-02
503.4018	9.372708e-02
503.8358	9.361985e-02
504.2698	9.352028e-02
504.7037	9.337412e-02
505.1375	9.326250e-02
505.5712	9.318625e-02
506.0050	9.312363e-02
506.4386	9.312248e-02
506.8722	9.311957e-02
507.3058	9.310416e-02
507.7393	9.314848e-02
508.1727	9.321199e-02
508.6061	9.329205e-02
509.0394	9.335584e-02
509.4727	9.337959e-02
509.9059	9.340974e-02
510.3391	9.345395e-02
510.7722	9.353082e-02
511.2053	9.358665e-02
511.6383	9.360928e-02
512.0712	9.361387e-02
512.5041	9.359674e-02
512.9369	9.368040e-02
513.3697	9.370119e-02
513.8024	9.368059e-02
514.2351	9.370162e-02
514.6677	9.371546e-02
515.1003	9.367902e-02
515.5328	9.363107e-02
515.9653	9.358304e-02
516.3976	9.358890e-02
516.8300	9.360411e-02
517.2623	9.360579e-02
517.6945	9.355372e-02
518.1267	9.348234e-02
518.5588	9.337058e-02
518.9909	9.327226e-02
519.4229	9.325811e-02
519.8548	9.328126e-02
520.2867	9.332926e-02
520.7186	9.335850e-02
521.1504	9.341769e-02
521.5821	9.350850e-02
522.0138	9.356115e-02
522.4454	9.361123e-02
522.8770	9.369259e-02
523.3085	9.375444e-02
523.7399	9.383181e-02
524.1713	9.389239e-02
524.6027	9.395923e-02
525.0340	9.407501e-02
525.4652	9.423366e-02
525.8964	9.436247e-02
526.3275	9.447421e-02
526.7586	9.455690e-02
527.1896	9.467471e-02
527.6205	9.482610e-02
528.0515	9.504176e-02
528.4823	9.521368e-02
528.9131	9.541003e-02
529.3438	9.561817e-02
529.7745	9.582468e-02
530.2051	9.599979e-02
530.6357	9.618368e-02
531.0662	9.648483e-02
531.4967	9.677653e-02
531.9271	9.702256e-02
532.3574	9.720881e-02
532.7877	9.740709e-02
533.2180	9.759463e-02
533.6482	9.776696e-02
534.0783	9.799754e-02
534.5084	9.826256e-02
534.9384	9.855245e-02
535.3683	9.874420e-02
535.7982	9.897458e-02
536.2281	9.920302e-02
536.6579	9.943865e-02
537.0876	9.959871e-02
537.5173	9.983376e-02
537.9469	1.001014e-01
538.3765	1.003045e-01
538.8060	1.005314e-01
539.2355	1.007559e-01
539.6649	1.010152e-01
540.0942	1.012639e-01
540.5235	1.014871e-01
540.9528	1.017192e-01
541.3819	1.019387e-01
541.8111	1.021277e-01
542.2401	1.023531e-01
542.6692	1.026008e-01
543.0981	1.028107e-01
543.5270	1.030037e-01
543.9559	1.032236e-01
544.3847	1.034197e-01
544.8134	1.036211e-01
545.2421	1.037904e-01
545.6707	1.039395e-01
546.0993	1.041422e-01
546.5278	1.042979e-01
546.9562	1.044227e-01
547.3846	1.045228e-01
547.8130	1.046267e-01
548.2413	1.047706e-01
548.6695	1.049432e-01
549.0977	1.051097e-01
549.5258	1.052462e-01
549.9539	1.053975e-01
550.3819	1.055621e-01
550.8099	1.057983e-01
551.2377	1.059270e-01
551.6656	1.060595e-01
552.0934	1.062837e-01
552.5211	1.065454e-01
552.9488	1.068081e-01
553.3764	1.070219e-01
553.8040	1.071916e-01
554.2315	1.074002e-01
554.6589	1.076248e-01
555.0863	1.078756e-01
555.5137	1.080738e-01
555.9409	1.082279e-01
556.3682	1.083572e-01
556.7953	1.084781e-01
557.2225	1.086375e-01
557.6495	1.088022e-01
558.0765	1.089190e-01
558.5035	1.090610e-01
558.9304	1.091742e-01
559.3572	1.092660e-01
559.7840	1.092876e-01
560.2107	1.093350e-01
560.6374	1.093636e-01
561.0640	1.093920e-01
561.4905	1.093801e-01
561.9170	1.092903e-01
562.3435	1.091417e-01
562.7699	1.089783e-01
563.1962	1.088008e-01
563.6225	1.086656e-01
564.0487	1.084805e-01
564.4748	1.082476e-01
564.9009	1.079841e-01
565.3270	1.077644e-01
565.7530	1.075799e-01
566.1789	1.073973e-01
566.6048	1.072364e-01
567.0306	1.071107e-01
567.4564	1.070410e-01
567.8821	1.069701e-01
568.3078	1.069338e-01
568.7334	1.070245e-01
569.1589	1.071358e-01
569.5844	1.073578e-01
570.0098	1.075906e-01
570.4352	1.078398e-01
570.8605	1.081405e-01
571.2858	1.085304e-01
571.7110	1.088864e-01
572.1361	1.093990e-01
572.5612	1.099475e-01
572.9863	1.104568e-01
573.4112	1.109685e-01
573.8362	1.115021e-01
574.2610	1.120875e-01
574.6858	1.126971e-01
575.1106	1.133312e-01
575.5353	1.139151e-01
575.9599	1.145135e-01
576.3845	1.150513e-01
576.8090	1.155679e-01
577.2335	1.161426e-01
577.6579	1.166665e-01
578.0823	1.172398e-01
578.5066	1.178254e-01
578.9308	1.184091e-01
579.3550	1.189791e-01
579.7791	1.195115e-01
580.2032	1.200176e-01
580.6272	1.206316e-01
581.0512	1.211587e-01
581.4751	1.216944e-01
581.8990	1.222019e-01
582.3227	1.227194e-01
582.7465	1.232112e-01
583.1702	1.237239e-01
583.5938	1.242744e-01
584.0174	1.247829e-01
584.4409	1.252792e-01
584.8643	1.257102e-01
585.2877	1.261117e-01
585.7110	1.265759e-01
586.1343	1.270408e-01
586.5576	1.274577e-01
586.9807	1.278742e-01
587.4038	1.282810e-01
587.8269	1.286727e-01
588.2499	1.290890e-01
588.6728	1.295435e-01
589.0957	1.299793e-01
589.5186	1.304172e-01
589.9413	1.308807e-01
590.3640	1.312889e-01
590.7867	1.316842e-01
591.2093	1.320057e-01
591.6318	1.323931e-01
592.0543	1.328151e-01
592.4768	1.330717e-01
592.8991	1.333081e-01
593.3215	1.335026e-01
593.7437	1.336798e-01
594.1659	1.338822e-01
594.5881	1.340371e-01
595.0102	1.340685e-01
595.4322	1.340762e-01
595.8542	1.339994e-01
596.2761	1.338670e-01
596.6979	1.336901e-01
597.1197	1.334391e-01
597.5415	1.330622e-01
597.9632	1.327312e-01
598.3848	1.323362e-01
598.8064	1.318742e-01
599.2279	1.313470e-01
599.6494	1.307815e-01
600.0708	1.302090e-01
600.4921	1.296387e-01
600.9134	1.290536e-01
601.3347	1.285310e-01
601.7558	1.280055e-01
602.1770	1.275704e-01
602.5980	1.272138e-01
603.0190	1.269437e-01
603.4400	1.266680e-01
603.8609	1.265552e-01
604.2817	1.264895e-01
604.7025	1.264875e-01
605.1232	1.265643e-01
605.5439	1.266798e-01
605.9645	1.268427e-01
606.3850	1.271559e-01
606.8055	1.274651e-01
607.2260	1.278523e-01
607.6463	1.284006e-01
608.0667	1.289721e-01
608.4869	1.296113e-01
608.9071	1.303171e-01
609.3273	1.310793e-01
609.7474	1.318599e-01
610.1674	1.326555e-01
610.5874	1.334406e-01
611.0073	1.342892e-01
611.4272	1.351683e-01
611.8470	1.359971e-01
612.2667	1.368342e-01
612.6864	1.376842e-01
613.1061	1.385078e-01
613.5256	1.393863e-01
613.9452	1.401413e-01
614.3646	1.409318e-01
614.7840	1.417703e-01
615.2034	1.425460e-01
615.6227	1.432991e-01
616.0419	1.440592e-01
616.4611	1.448042e-01
616.8802	1.455864e-01
617.2992	1.463576e-01
617.7182	1.470776e-01
618.1372	1.478084e-01
618.5561	1.485797e-01
618.9749	1.493232e-01
619.3937	1.499786e-01
619.8124	1.506579e-01
620.2311	1.513887e-01
620.6497	1.520960e-01
621.0682	1.527642e-01
621.4867	1.534363e-01
621.9051	1.541861e-01
622.3235	1.548512e-01
622.7418	1.556746e-01
623.1601	1.564403e-01
623.5783	1.571618e-01
623.9964	1.578971e-01
624.4145	1.585754e-01
624.8325	1.593299e-01
625.2505	1.600212e-01
625.6684	1.607708e-01
626.0862	1.614888e-01
626.5040	1.622576e-01
626.9218	1.629436e-01
627.3395	1.636154e-01
627.7571	1.643468e-01
628.1746	1.651665e-01
628.5921	1.658939e-01
629.0096	1.666190e-01
629.4270	1.672540e-01
629.8443	1.679090e-01
630.2616	1.686173e-01
630.6788	1.692126e-01
631.0960	1.699319e-01
631.5131	1.705768e-01
631.9301	1.712751e-01
632.3471	1.719730e-01
632.7640	1.726003e-01
633.1809	1.733284e-01
633.5977	1.739537e-01
634.0145	1.746299e-01
634.4312	1.753200e-01
634.8478	1.761185e-01
635.2644	1.768426e-01
635.6809	1.775816e-01
636.0974	1.783066e-01
636.5138	1.789836e-01
636.9302	1.796101e-01
637.3465	1.803671e-01
637.7627	1.810470e-01
638.1789	1.817688e-01
638.5950	1.824664e-01
639.0111	1.831779e-01
639.4271	1.838456e-01
639.8430	1.844571e-01
640.2589	1.851473e-01
640.6747	1.857255e-01
641.0905	1.863224e-01
641.5062	1.870624e-01
641.9219	1.877601e-01
642.3375	1.884506e-01
642.7530	1.891376e-01
643.1685	1.898641e-01
643.5839	1.905968e-01
643.9993	1.912592e-01
644.4146	1.919580e-01
644.8298	1.926198e-01
645.2450	1.932770e-01
645.6602	1.939758e-01
646.0752	1.946596e-01
646.4903	1.954072e-01
646.9052	1.961011e-01
647.3201	1.968622e-01
647.7350	1.974293e-01
648.1497	1.980785e-01
648.5645	1.987576e-01
648.9791	1.993686e-01
649.3938	2.000754e-01
649.8083	2.007215e-01
650.2228	2.013038e-01
650.6372	2.019313e-01
651.0516	2.026007e-01
651.4659	2.033567e-01
651.8802	2.040360e-01
652.2944	2.046272e-01
652.7086	2.054321e-01
653.1226	2.060294e-01
653.5367	2.066307e-01
653.9506	2.071533e-01
654.3646	2.077431e-01
654.7784	2.082880e-01
655.1922	2.089423e-01
655.6059	2.095569e-01
656.0196	2.101300e-01
656.4332	2.106454e-01
656.8468	2.112540e-01
657.2603	2.118329e-01
657.6738	2.124362e-01
658.0871	2.129120e-01
658.5005	2.135070e-01
658.9137	2.141532e-01
659.3270	2.147941e-01
659.7401	2.154330e-01
660.1532	2.159610e-01
660.5662	2.166350e-01
660.9792	2.173763e-01
661.3921	2.179776e-01
661.8050	2.186209e-01
662.2178	2.191332e-01
662.6306	2.197699e-01
663.0432	2.204620e-01
663.4559	2.211276e-01
663.8684	2.217028e-01
664.2810	2.222156e-01
664.6934	2.227335e-01
665.1058	2.234032e-01
665.5181	2.240202e-01
665.9304	2.247035e-01
666.3426	2.253236e-01
666.7548	2.259938e-01
667.1669	2.265966e-01
667.5789	2.271537e-01
667.9909	2.278105e-01
668.4028	2.284608e-01
668.8147	2.291192e-01
669.2265	2.298218e-01
669.6383	2.305365e-01
670.0500	2.312253e-01
670.4616	2.317827e-01
670.8732	2.324053e-01
671.2847	2.329958e-01
671.6961	2.337130e-01
672.1075	2.344632e-01
672.5189	2.351931e-01
672.9302	2.360252e-01
673.3414	2.368132e-01
673.7525	2.375251e-01
674.1636	2.384096e-01
674.5747	2.391536e-01
674.9857	2.398738e-01
675.3966	2.406164e-01
675.8075	2.414192e-01
676.2183	2.421538e-01
676.6290	2.429990e-01
677.0397	2.437773e-01
677.4504	2.445950e-01
677.8609	2.452722e-01
678.2715	2.460075e-01
678.6819	2.468002e-01
679.0923	2.477015e-01
679.5027	2.485185e-01
679.9129	2.494486e-01
680.3232	2.503836e-01
680.7333	2.513168e-01
681.1434	2.522850e-01
681.5535	2.531879e-01
681.9635	2.540608e-01
682.3734	2.550675e-01
682.7833	2.560005e-01
683.1931	2.570062e-01
683.6028	2.580398e-01
684.0125	2.590597e-01
684.4221	2.600368e-01
684.8317	2.611726e-01
685.2412	2.622143e-01
685.6507	2.633343e-01
686.0601	2.644002e-01
686.4694	2.655932e-01
686.8787	2.668039e-01
687.2879	2.678176e-01
687.6971	2.687801e-01
688.1062	2.698247e-01
688.5152	2.708252e-01
688.9242	2.717134e-01
689.3331	2.726219e-01
689.7420	2.735460e-01
690.1508	2.745389e-01
690.5596	2.754475e-01
690.9682	2.762865e-01
691.3769	2.772427e-01
691.7854	2.781716e-01
692.1940	2.789544e-01
692.6024	2.797835e-01
693.0108	2.806538e-01
693.4191	2.817113e-01
693.8274	2.827403e-01
694.2356	2.838699e-01
694.6438	2.849483e-01
695.0519	2.860206e-01
695.4599	2.868949e-01
695.8679	2.878200e-01
696.2758	2.888055e-01
696.6837	2.898344e-01
697.0915	2.907938e-01
697.4992	2.918577e-01
697.9069	2.929836e-01
698.3145	2.940112e-01
698.7221	2.950185e-01
699.1296	2.960972e-01
699.5370	2.970972e-01
699.9444	2.981977e-01
700.3517	2.992094e-01
700.7590	3.003508e-01
701.1662	3.013428e-01
701.5734	3.025672e-01
701.9804	3.035364e-01
702.3875	3.045515e-01
702.7944	3.056363e-01
703.2013	3.067158e-01
703.6082	3.077795e-01
704.0150	3.089913e-01
704.4217	3.103424e-01
704.8284	3.115174e-01
705.2350	3.125918e-01
705.6416	3.138029e-01
706.0481	3.148551e-01
706.4545	3.159340e-01
706.8609	3.170254e-01
707.2672	3.181174e-01
707.6734	3.191284e-01
708.0796	3.202813e-01
708.4858	3.213965e-01
708.8918	3.225289e-01
709.2979	3.236713e-01
709.7038	3.248845e-01
710.1097	3.259718e-01
710.5156	3.272133e-01
710.9213	3.285369e-01
711.3270	3.297726e-01
711.7327	3.310420e-01
712.1383	3.323019e-01
712.5438	3.336266e-01
712.9493	3.348391e-01
713.3548	3.360025e-01
713.7601	3.371593e-01
714.1654	3.384372e-01
714.5707	3.398337e-01
714.9758	3.412098e-01
715.3810	3.425708e-01
715.7860	3.437967e-01
716.1910	3.451305e-01
716.5960	3.464226e-01
717.0009	3.475566e-01
717.4057	3.488693e-01
717.8104	3.500579e-01
718.2151	3.512385e-01
718.6198	3.525057e-01
719.0244	3.536381e-01
719.4289	3.548213e-01
719.8334	3.559173e-01
720.2378	3.570874e-01
720.6421	3.581417e-01
721.0464	3.593164e-01
721.4506	3.602095e-01
721.8548	3.611672e-01
722.2589	3.622624e-01
722.6630	3.632803e-01
723.0669	3.643643e-01
723.4709	3.656117e-01
723.8747	3.669069e-01
724.2785	3.681905e-01
724.6823	3.693368e-01
725.0860	3.704879e-01
725.4896	3.717394e-01
725.8932	3.729445e-01
726.2967	3.742894e-01
726.7001	3.755844e-01
727.1035	3.768409e-01
727.5068	3.781143e-01
727.9101	3.795619e-01
728.3133	3.809561e-01
728.7165	3.822752e-01
729.1195	3.837790e-01
729.5226	3.851858e-01
729.9255	3.866638e-01
730.3284	3.881264e-01
730.7313	3.895097e-01
731.1341	3.910961e-01
731.5368	3.924255e-01
731.9395	3.937036e-01
732.3421	3.949398e-01
732.7446	3.960817e-01
733.1471	3.973487e-01
733.5495	3.986509e-01
733.9519	3.999381e-01
734.3542	4.014905e-01
734.7564	4.028882e-01
735.1586	4.043046e-01
735.5608	4.055947e-01
735.9628	4.071479e-01
736.3648	4.086609e-01
736.7668	4.102233e-01
737.1687	4.117864e-01
737.5705	4.133312e-01
737.9722	4.149626e-01
738.3739	4.166288e-01
738.7756	4.181924e-01
739.1772	4.198468e-01
739.5787	4.212793e-01
739.9802	4.229349e-01
740.3816	4.246403e-01
740.7829	4.262928e-01
741.1842	4.278592e-01
741.5854	4.289458e-01
741.9866	4.301819e-01
742.3877	4.311909e-01
742.7887	4.321457e-01
743.1897	4.328135e-01
743.5906	4.333262e-01
743.9915	4.336310e-01
744.3923	4.337459e-01
744.7930	4.335184e-01
745.1937	4.331527e-01
745.5943	4.326099e-01
745.9948	4.317631e-01
746.3953	4.307070e-01
746.7958	4.296155e-01
747.1962	4.286128e-01
747.5965	4.277173e-01
747.9967	4.265924e-01
748.3969	4.256636e-01
748.7970	4.249179e-01
749.1971	4.240841e-01
749.5971	4.230234e-01
749.9971	4.223472e-01
750.3970	4.217082e-01
750.7968	4.215410e-01
751.1966	4.215091e-01
751.5963	4.216059e-01
751.9959	4.218525e-01
752.3955	4.224965e-01
752.7950	4.231758e-01
753.1945	4.243348e-01
753.5939	4.256041e-01
753.9933	4.270338e-01
754.3926	4.290229e-01
754.7918	4.311963e-01
755.1909	4.336235e-01
755.5900	4.360200e-01
755.9891	4.385039e-01
756.3881	4.412729e-01
756.7870	4.441560e-01
757.1858	4.470168e-01
757.5846	4.499710e-01
757.9834	4.531097e-01
758.3821	4.562504e-01
758.7807	4.595240e-01
759.1792	4.626832e-01
759.5777	4.658081e-01
759.9762	4.692470e-01
760.3745	4.725461e-01
760.7729	4.758206e-01
761.1711	4.792458e-01
761.5693	4.825150e-01
761.9674	4.857660e-01
762.3655	4.892109e-01
762.7635	4.921565e-01
763.1615	4.953002e-01
763.5593	4.982806e-01
763.9572	5.013736e-01
764.3549	5.043165e-01
764.7526	5.071665e-01
765.1503	5.103401e-01
765.5479	5.135648e-01
765.9454	5.166234e-01
766.3429	5.196606e-01
766.7403	5.225525e-01
767.1376	5.254301e-01
767.5349	5.286016e-01
767.9321	5.318217e-01
768.3292	5.348594e-01
768.7263	5.382476e-01
769.1234	5.414744e-01
769.5203	5.444971e-01
769.9173	5.473378e-01
770.3141	5.501614e-01
770.7109	5.529230e-01
771.1076	5.557324e-01
771.5043	5.586581e-01
771.9009	5.617470e-01
772.2974	5.648139e-01
772.6939	5.676246e-01
773.0904	5.704748e-01
773.4867	5.733305e-01
773.8830	5.761311e-01
774.2793	5.788376e-01
774.6754	5.815599e-01
775.0716	5.843313e-01
775.4676	5.870046e-01
775.8636	5.898857e-01
776.2595	5.927052e-01
776.6554	5.956364e-01
777.0512	5.985838e-01
777.4470	6.015150e-01
777.8427	6.044026e-01
778.2383	6.075487e-01
778.6339	6.105616e-01
779.0294	6.134137e-01
779.4248	6.165083e-01
779.8202	6.199190e-01
780.2155	6.233028e-01
780.6108	6.265603e-01
781.0060	6.295359e-01
781.4011	6.328269e-01
781.7962	6.359371e-01
782.1912	6.390381e-01
782.5862	6.419956e-01
782.9811	6.450398e-01
783.3759	6.480984e-01
783.7707	6.512802e-01
784.1654	6.542532e-01
784.5600	6.574074e-01
784.9546	6.606398e-01
785.3491	6.636460e-01
785.7436	6.664631e-01
786.1380	6.694403e-01
786.5323	6.721744e-01
786.9266	6.751176e-01
787.3208	6.779816e-01
787.7150	6.809066e-01
788.1091	6.838919e-01
788.5031	6.869293e-01
788.8971	6.893953e-01
789.2910	6.921481e-01
789.6848	6.949031e-01
790.0786	6.977799e-01
790.4724	7.002051e-01
790.8660	7.032378e-01
791.2596	7.061924e-01
791.6532	7.091910e-01
792.0466	7.121173e-01
792.4401	7.154028e-01
792.8334	7.186843e-01
793.2267	7.216679e-01
793.6199	7.246293e-01
794.0131	7.277025e-01
794.4062	7.307623e-01
794.7993	7.336920e-01
795.1923	7.367171e-01
795.5852	7.395799e-01
795.9781	7.426603e-01
796.3709	7.458161e-01
796.7636	7.488031e-01
797.1563	7.521247e-01
797.5489	7.551538e-01
797.9414	7.581157e-01
798.3339	7.609600e-01
798.7264	7.642402e-01
799.1187	7.672211e-01
799.5110	7.705057e-01
799.9033	7.738360e-01
800.2955	7.771148e-01
800.6876	7.807921e-01
801.0797	7.842881e-01
801.4717	7.875723e-01
801.8636	7.904969e-01
802.2555	7.932259e-01
802.6473	7.960608e-01
803.0390	7.990565e-01
803.4307	8.018029e-01
803.8224	8.046758e-01
804.2139	8.076221e-01
804.6054	8.105058e-01
804.9969	8.136135e-01
805.3882	8.165812e-01
805.7796	8.196617e-01
806.1708	8.228888e-01
806.5620	8.262564e-01
806.9531	8.291607e-01
807.3442	8.324822e-01
807.7352	8.359403e-01
808.1262	8.389974e-01
808.5171	8.421387e-01
808.9079	8.451034e-01
809.2986	8.485647e-01
809.6893	8.512538e-01
810.0800	8.537032e-01
810.4706	8.559823e-01
810.8611	8.586975e-01
811.2515	8.614809e-01
811.6419	8.647019e-01
812.0322	8.672144e-01
812.4225	8.697514e-01
812.8127	8.727065e-01
813.2028	8.762741e-01
813.5929	8.794626e-01
813.9829	8.824367e-01
814.3729	8.852293e-01
814.7628	8.875310e-01
815.1526	8.905678e-01
815.5424	8.933078e-01
815.9321	8.958168e-01
816.3217	8.983945e-01
816.7113	9.011401e-01
817.1008	9.039234e-01
817.4903	9.056523e-01
817.8797	9.079211e-01
818.2690	9.103247e-01
818.6583	9.127038e-01
819.0475	9.151476e-01
819.4366	9.179439e-01
819.8257	9.206899e-01
820.2147	9.236508e-01
820.6037	9.268027e-01
820.9926	9.299121e-01
821.3814	9.322506e-01
821.7702	9.344932e-01
822.1589	9.374134e-01
822.5476	9.400518e-01
822.9361	9.428698e-01
823.3247	9.454990e-01
823.7131	9.483740e-01
824.1015	9.501683e-01
824.4899	9.517997e-01
824.8781	9.537769e-01
825.2663	9.561149e-01
825.6545	9.588943e-01
826.0426	9.614728e-01
826.4306	9.639265e-01
826.8186	9.666660e-01
827.2065	9.693056e-01
827.5943	9.722701e-01
827.9821	9.747922e-01
828.3698	9.768710e-01
828.7574	9.787469e-01
829.1450	9.804800e-01
829.5325	9.829298e-01
829.9200	9.856666e-01
830.3074	9.882239e-01
830.6947	9.907003e-01
831.0820	9.931278e-01
831.4692	9.952461e-01
831.8564	9.973837e-01
832.2435	9.988109e-01
832.6305	1.000754e+00
833.0174	1.002725e+00
833.4043	1.004382e+00
833.7912	1.006367e+00
834.1779	1.008416e+00
834.5647	1.010588e+00
834.9513	1.013125e+00
835.3379	1.014738e+00
835.7244	1.016596e+00
836.1109	1.018384e+00
836.4973	1.020726e+00
836.8836	1.023053e+00
837.2699	1.025480e+00
837.6561	1.027539e+00
838.0422	1.030237e+00
838.4283	1.033007e+00
838.8143	1.035227e+00
839.2003	1.036976e+00
839.5862	1.039403e+00
839.9720	1.041603e+00
840.3578	1.044376e+00
840.7435	1.046859e+00
841.1291	1.049442e+00
841.5147	1.052401e+00
841.9002	1.055041e+00
842.2857	1.057631e+00
842.6711	1.060480e+00
843.0564	1.062237e+00
843.4417	1.064371e+00
843.8269	1.066417e+00
844.2120	1.069204e+00
844.5971	1.072060e+00
844.9821	1.075131e+00
845.3671	1.077670e+00
845.7520	1.080396e+00
846.1368	1.082624e+00
846.5216	1.084471e+00
846.9063	1.086782e+00
847.2909	1.089475e+00
847.6755	1.092433e+00
848.0600	1.095116e+00
848.4445	1.098722e+00
848.8288	1.101939e+00
849.2132	1.105023e+00
849.5974	1.107872e+00
849.9816	1.110922e+00
850.3658	1.114336e+00
850.7498	1.117179e+00
851.1338	1.120720e+00
851.5178	1.124278e+00
851.9017	1.128097e+00
852.2855	1.132069e+00
852.6692	1.136083e+00
853.0529	1.139711e+00
853.4366	1.142993e+00
853.8201	1.146551e+00
854.2036	1.150237e+00
854.5871	1.154469e+00
854.9705	1.158403e+00
855.3538	1.162405e+00
855.7370	1.165874e+00
856.1202	1.169479e+00
856.5033	1.172802e+00
856.8864	1.176681e+00
857.2694	1.180345e+00
857.6523	1.184160e+00
858.0352	1.187858e+00
858.4180	1.192020e+00
858.8008	1.196650e+00
859.1834	1.200538e+00
859.5661	1.204362e+00
859.9486	1.208380e+00
860.3311	1.211919e+00
860.7135	1.216117e+00
861.0959	1.219516e+00
861.4782	1.224358e+00
861.8604	1.229277e+00
862.2426	1.234146e+00
862.6247	1.238538e+00
863.0068	1.243381e+00
863.3888	1.247661e+00
863.7707	1.251882e+00
864.1526	1.256178e+00
864.5344	1.261377e+00
864.9161	1.266051e+00
865.2978	1.271426e+00
865.6794	1.277018e+00
866.0609	1.282702e+00
866.4424	1.288366e+00
866.8238	1.294539e+00
867.2052	1.300400e+00
867.5864	1.305944e+00
867.9677	1.311320e+00
868.3488	1.317352e+00
868.7299	1.322535e+00
869.1110	1.328001e+00
869.4919	1.333047e+00
869.8728	1.337164e+00
870.2537	1.341780e+00
870.6345	1.347599e+00
871.0152	1.352285e+00
871.3958	1.357526e+00
871.7764	1.362741e+00
872.1570	1.368265e+00
872.5374	1.373614e+00
872.9178	1.379666e+00
873.2982	1.385421e+00
873.6784	1.391169e+00
874.0586	1.397558e+00
874.4388	1.403269e+00
874.8189	1.408529e+00
875.1989	1.413806e+00
875.5788	1.419294e+00
875.9587	1.425163e+00
876.3386	1.431253e+00
876.7183	1.437465e+00
877.0980	1.444247e+00
877.4777	1.450487e+00
877.8572	1.456926e+00
878.2367	1.463669e+00
878.6162	1.470163e+00
878.9956	1.477882e+00
879.3749	1.485311e+00
879.7541	1.492618e+00
880.1333	1.500532e+00
880.5124	1.508052e+00
880.8915	1.515658e+00
881.2705	1.524028e+00
881.6494	1.532681e+00
882.0283	1.541014e+00
882.4071	1.549755e+00
882.7859	1.558008e+00
883.1645	1.566104e+00
883.5432	1.573307e+00
883.9217	1.579919e+00
884.3002	1.586056e+00
884.6786	1.591295e+00
885.0570	1.596332e+00
885.4353	1.599812e+00
885.8135	1.602681e+00
886.1917	1.604940e+00
886.5698	1.606009e+00
886.9478	1.604801e+00
887.3258	1.603061e+00
887.7037	1.601470e+00
888.0816	1.598997e+00
888.4593	1.595573e+00
888.8371	1.590799e+00
889.2147	1.585398e+00
889.5923	1.578842e+00
889.9698	1.570485e+00
890.3473	1.561281e+00
890.7247	1.551124e+00
891.1020	1.541283e+00
891.4793	1.529836e+00
891.8565	1.517983e+00
892.2337	1.505293e+00
892.6107	1.492527e+00
892.9878	1.479210e+00
893.3647	1.466403e+00
893.7416	1.453001e+00
894.1184	1.440095e+00
894.4952	1.427967e+00
894.8719	1.417054e+00
895.2485	1.407055e+00
895.6251	1.398044e+00
896.0016	1.390072e+00
896.3780	1.383255e+00
896.7544	1.378190e+00
897.1307	1.374267e+00
897.5069	1.371661e+00
897.8831	1.370486e+00
898.2592	1.371518e+00
898.6353	1.374317e+00
899.0113	1.378777e+00
899.3872	1.385965e+00
899.7631	1.395277e+00
900.1389	1.406343e+00
900.5146	1.419502e+00
900.8903	1.434257e+00
901.2659	1.450405e+00
901.6414	1.469269e+00
902.0169	1.489931e+00
902.3923	1.512333e+00
902.7676	1.535704e+00
903.1429	1.560978e+00
903.5181	1.587171e+00
903.8933	1.613811e+00
904.2684	1.641438e+00
904.6434	1.669799e+00
905.0183	1.699404e+00
905.3932	1.730064e+00
905.7681	1.762507e+00
906.1428	1.793903e+00
906.5175	1.825596e+00
906.8922	1.857102e+00
907.2667	1.888024e+00
907.6413	1.918072e+00
908.0157	1.948998e+00
908.3901	1.980173e+00
908.7644	2.010849e+00
909.1386	2.040848e+00
909.5128	2.069968e+00
909.8870	2.099316e+00
910.2610	2.128595e+00
910.6350	2.158003e+00
911.0089	2.186457e+00
911.3828	2.215528e+00
911.7566	2.244582e+00
912.1303	2.272170e+00
912.5040	2.300203e+00
912.8776	2.327862e+00
913.2511	2.355825e+00
913.6246	2.383223e+00
913.9980	2.410020e+00
914.3714	2.437040e+00
914.7446	2.464268e+00
915.1179	2.491068e+00
915.4910	2.517587e+00
915.8641	2.543640e+00
916.2371	2.569897e+00
916.6101	2.596354e+00
916.9830	2.621043e+00
917.3558	2.646278e+00
917.7286	2.671156e+00
918.1013	2.695346e+00
918.4739	2.721032e+00
918.8465	2.745502e+00
919.2190	2.769786e+00
919.5914	2.793493e+00
919.9638	2.819455e+00
920.3361	2.844123e+00
920.7083	2.869902e+00
921.0805	2.895544e+00
921.4526	2.921022e+00
921.8247	2.946119e+00
922.1967	2.971640e+00
922.5686	2.998572e+00
922.9405	3.024409e+00
923.3122	3.049075e+00
923.6840	3.072145e+00
924.0556	3.097002e+00
924.4272	3.120673e+00
924.7988	3.147200e+00
925.1702	3.170608e+00
925.5416	3.196537e+00
925.9130	3.221755e+00
926.2842	3.246534e+00
926.6554	3.271333e+00
927.0266	3.296703e+00
927.3977	3.324132e+00
927.7687	3.351499e+00
928.1396	3.381620e+00
928.5105	3.411846e+00
928.8813	3.443926e+00
929.2521	3.476310e+00
929.6228	3.508728e+00
929.9934	3.542794e+00
930.3639	3.575194e+00
930.7344	3.608651e+00
931.1049	3.642280e+00
931.4752	3.678346e+00
931.8455	3.709489e+00
932.2157	3.744744e+00
932.5859	3.778648e+00
932.9560	3.815152e+00
933.3260	3.851177e+00
933.6960	3.888919e+00
934.0659	3.926050e+00
934.4358	3.964087e+00
934.8055	4.002150e+00
935.1752	4.042768e+00
935.5449	4.083594e+00
935.9145	4.124155e+00
936.2840	4.164275e+00
936.6534	4.201374e+00
937.0228	4.239288e+00
937.3921	4.278626e+00
937.7614	4.317539e+00
938.1306	4.355642e+00
938.4997	4.391053e+00
938.8688	4.427034e+00
939.2378	4.459473e+00
939.6067	4.491865e+00
939.9755	4.523257e+00
940.3443	4.555124e+00
940.7131	4.585211e+00
941.0817	4.611625e+00
941.4503	4.640396e+00
941.8189	4.669328e+00
942.1873	4.699725e+00
942.5557	4.729968e+00
942.9241	4.756661e+00
943.2924	4.787517e+00
943.6606	4.819548e+00
944.0287	4.849146e+00
944.3968	4.879436e+00
944.7648	4.910642e+00
945.1327	4.942292e+00
945.5006	4.977585e+00
945.8684	5.014775e+00
946.2362	5.052887e+00
946.6039	5.091999e+00
946.9715	5.129187e+00
947.3390	5.167777e+00
947.7065	5.207018e+00
948.0739	5.242405e+00
948.4413	5.281772e+00
948.8086	5.324203e+00
949.1758	5.366508e+00
949.5430	5.412575e+00
949.9101	5.457615e+00
950.2771	5.502719e+00
950.6441	5.550981e+00
951.0110	5.595241e+00
951.3778	5.641958e+00
951.7446	5.691338e+00
952.1113	5.741037e+00
952.4779	5.794218e+00
952.8445	5.846350e+00
953.2110	5.897031e+00
953.5774	5.946422e+00
953.9438	5.997840e+00
954.3101	6.049297e+00
954.6763	6.102713e+00
955.0425	6.154001e+00
955.4086	6.203633e+00
955.7747	6.260178e+00
956.1406	6.317729e+00
956.5065	6.375666e+00
956.8724	6.432738e+00
957.2382	6.491697e+00
957.6039	6.550301e+00
957.9695	6.614097e+00
958.3351	6.673788e+00
958.7006	6.733849e+00
959.0661	6.795225e+00
959.4315	6.858416e+00
959.7968	6.924109e+00
960.1620	6.987983e+00
960.5272	7.048829e+00
960.8924	7.111009e+00
961.2574	7.177030e+00
961.6224	7.241728e+00
961.9873	7.303512e+00
962.3522	7.372704e+00
962.7170	7.442559e+00
963.0817	7.512177e+00
963.4464	7.582467e+00
963.8110	7.650993e+00
964.1755	7.722799e+00
964.5399	7.793373e+00
964.9043	7.860582e+00
965.2687	7.934466e+00
965.6329	8.008700e+00
965.9971	8.085517e+00
966.3613	8.164574e+00
966.7253	8.247535e+00
967.0893	8.329123e+00
967.4533	8.410590e+00
967.8171	8.488840e+00
968.1809	8.574630e+00
968.5447	8.661831e+00
968.9084	8.746445e+00
969.2720	8.832146e+00
969.6355	8.921112e+00
969.9990	9.006338e+00
970.3624	9.097162e+00
970.7257	9.184126e+00
971.0890	9.274217e+00
971.4522	9.370743e+00
971.8153	9.467807e+00
972.1784	9.568712e+00
972.5414	9.669329e+00
972.9044	9.769884e+00
973.2672	9.872633e+00
973.6301	9.972975e+00
973.9928	1.008008e+01
974.3555	1.017888e+01
974.7181	1.028570e+01
975.0806	1.039082e+01
975.4431	1.049247e+01
975.8055	1.059415e+01
976.1679	1.069287e+01
976.5302	1.079991e+01
976.8924	1.090635e+01
977.2545	1.101580e+01
977.6166	1.112256e+01
977.9786	1.122798e+01
978.3406	1.133780e+01
978.7024	1.145425e+01
979.0643	1.157196e+01
979.4260	1.169172e+01
979.7877	1.181886e+01
980.1493	1.194803e+01
980.5109	1.207476e+01
980.8723	1.220083e+01
981.2338	1.233774e+01
981.5951	1.247193e+01
981.9564	1.260868e+01
982.3176	1.273723e+01
982.6788	1.287341e+01
983.0399	1.301175e+01
983.4009	1.315394e+01
983.7618	1.329889e+01
984.1227	1.344299e+01
984.4835	1.359043e+01
984.8443	1.373477e+01
985.2050	1.388616e+01
985.5656	1.403557e+01
985.9261	1.419320e+01
986.2866	1.435218e+01
986.6471	1.451068e+01
987.0074	1.467902e+01
987.3677	1.484384e+01
987.7279	1.501617e+01
988.0881	1.519341e+01
988.4482	1.537162e+01
988.8082	1.555097e+01
989.1681	1.573843e+01
989.5280	1.591765e+01
989.8878	1.610936e+01
990.2476	1.629172e+01
990.6073	1.648984e+01
990.9669	1.668709e+01
991.3265	1.688408e+01
991.6860	1.707720e+01
992.0454	1.726630e+01
992.4047	1.746055e+01
992.7640	1.766664e+01
993.1232	1.787971e+01
993.4824	1.809162e+01
993.8415	1.830276e+01
994.2005	1.851598e+01
994.5594	1.872656e+01
994.9183	1.894978e+01
995.2772	1.916533e+01
995.6359	1.939676e+01
995.9946	1.964046e+01
996.3532	1.988608e+01
996.7118	2.012125e+01
997.0703	2.037613e+01
997.4287	2.062866e+01
997.7870	2.088692e+01
998.1453	2.115025e+01
998.5035	2.141235e+01
998.8617	2.167592e+01
999.2198	2.194589e+01
999.5778	2.222747e+01
999.9357	2.251154e+01
1000.2936	2.279361e+01
1000.6514	2.307659e+01
1001.0092	2.335308e+01
1001.3669	2.363796e+01
1001.7245	2.391617e+01
1002.0820	2.419948e+01
1002.4395	2.447886e+01
1002.7969	2.477708e+01
1003.1543	2.507398e+01
1003.5116	2.536539e+01
1003.8688	2.567177e+01
1004.2259	2.597867e+01
1004.5830	2.629411e+01
1004.9400	2.662511e+01
1005.2970	2.696739e+01
1005.6538	2.732525e+01
1006.0107	2.769536e+01
1006.3674	2.806955e+01
1006.7241	2.845298e+01
1007.0807	2.882443e+01
1007.4372	2.921107e+01
1007.7937	2.962328e+01
1008.1501	3.001381e+01
1008.5065	3.041826e+01
1008.8627	3.082902e+01
1009.2189	3.126434e+01
1009.5751	3.171040e+01
1009.9312	3.215342e+01
1010.2872	3.259597e+01
1010.6431	3.302629e+01
1010.9990	3.347801e+01
1011.3548	3.392557e+01
1011.7105	3.438265e+01
1012.0662	3.487334e+01
1012.4218	3.533911e+01
1012.7773	3.581417e+01
1013.1328	3.629859e+01
1013.4882	3.680935e+01
1013.8435	3.732601e+01
1014.1988	3.781643e+01
1014.5540	3.832437e+01
1014.9091	3.883870e+01
1015.2642	3.933868e+01
1015.6192	3.987254e+01
1015.9741	4.044696e+01
1016.3290	4.102556e+01
1016.6838	4.158229e+01
1017.0385	4.214959e+01
1017.3932	4.272560e+01
1017.7478	4.332893e+01
1018.1023	4.396776e+01
1018.4567	4.462858e+01
1018.8111	4.528858e+01
1019.1655	4.599828e+01
1019.5197	4.671302e+01
1019.8739	4.748404e+01
1020.2280	4.829751e+01
1020.5821	4.909613e+01
1020.9361	4.989337e+01
1021.2900	5.072360e+01
1021.6438	5.155693e+01
1021.9976	5.239695e+01
1022.3513	5.324344e+01
1022.7050	5.411151e+01
1023.0586	5.496804e+01
1023.4121	5.580440e+01
1023.7655	5.661488e+01
1024.1189	5.745278e+01
1024.4722	5.828541e+01
1024.8254	5.911244e+01
1025.1786	5.994212e+01
1025.5317	6.077468e+01
1025.8848	6.165951e+01
1026.2377	6.259371e+01
1026.5906	6.353078e+01
1026.9435	6.449907e+01
1027.2963	6.548489e+01
1027.6490	6.651504e+01
1028.0016	6.759824e+01
1028.3542	6.858676e+01
1028.7067	6.956627e+01
1029.0591	7.051245e+01
1029.4115	7.145635e+01
1029.7637	7.242124e+01
1030.1160	7.338729e+01
1030.4681	7.433589e+01
1030.8202	7.525739e+01
1031.1723	7.614111e+01
1031.5242	7.700999e+01
